low
313.070660 36.050000
369.133260 100.000000
501.139140 9.090000
503.154790 6.200000
557.201740 10.090000
701.244000 7.060000
719.254560 14.440000
med
145.049540 14.720000
163.060100 12.800000
187.060100 8.530000
189.075750 19.660000
191.091400 7.550000
311.055010 20.550000
313.070660 23.300000
351.122700 100.000000
353.101960 15.060000
369.133260 61.030000
477.154390 9.300000
497.180610 12.200000
501.139140 11.210000
539.191170 15.670000
557.201740 15.400000
701.244000 7.290000
719.254560 26.690000
high
43.017840 11.680000
45.033490 45.010000
59.049140 27.070000
73.028410 14.980000
87.044060 32.440000
103.038970 14.230000
117.054620 22.980000
119.070270 15.920000
143.033890 23.770000
147.028800 14.590000
147.065190 12.850000
161.044450 11.760000
163.060100 40.450000
189.075750 16.220000
191.091400 25.430000
293.123090 21.270000
327.086310 18.130000
351.122700 12.330000
369.133260 76.760000
399.143830 24.380000
501.139140 14.160000
557.201740 74.960000
567.186090 13.670000
569.201740 13.530000
597.196650 22.540000
599.212300 18.020000
629.222870 16.810000
631.238520 17.110000
649.249080 13.250000
651.264730 13.250000
719.254560 100.000000
