low
92.049480 3.670000
106.065130 10.540000
122.060040 5.640000
316.111420 4.610000
358.143770 6.740000
404.149250 6.870000
422.153290 3.520000
591.239070 3.550000
593.254720 3.820000
595.270370 5.270000
639.260200 3.420000
641.275850 4.110000
645.216620 8.870000
646.237020 3.610000
673.247920 24.100000
683.232270 3.790000
692.242500 7.370000
701.242830 32.410000
719.253400 100.000000
med
79.054230 11.150000
85.028410 18.540000
106.065130 53.800000
108.080780 21.490000
109.064790 15.530000
236.118220 11.760000
316.111420 28.110000
348.159420 11.310000
356.128120 27.150000
358.143770 100.000000
360.159420 65.930000
362.175070 45.950000
386.138680 25.190000
388.154330 78.990000
390.169980 15.000000
404.149250 14.420000
422.153290 14.780000
568.190070 21.780000
583.270370 12.080000
595.270370 52.120000
597.286020 21.440000
625.280930 13.990000
645.216620 14.660000
659.232270 10.880000
669.216620 44.560000
671.232270 26.210000
673.247920 82.130000
683.232270 45.860000
692.242500 14.390000
701.242830 50.360000
719.253400 24.290000
high
77.038580 33.380000
78.000810 61.250000
80.049480 22.130000
81.069880 14.720000
91.054230 21.250000
92.049480 90.280000
106.065130 18.690000
108.080780 52.670000
118.065130 28.190000
131.060370 66.450000
184.042680 18.450000
221.107320 68.720000
236.118220 22.860000
268.096820 14.570000
299.091400 18.000000
316.111420 24.960000
334.143770 14.640000
358.143770 48.390000
360.159420 78.850000
362.175070 15.120000
539.244150 15.100000
554.174420 17.910000
556.190070 25.910000
567.239070 51.060000
568.190070 23.620000
578.243820 29.350000
580.259470 15.420000
594.205720 16.050000
690.226850 14.550000
692.242500 32.700000
719.253400 100.000000
