low
55.054230 4195.572754
55.981800 2984.688721
57.033436 3168.057373
60.245628 2816.847656
69.033546 5891.637695
71.049133 26967.734375
79.054131 14840.344727
81.033630 20349.199219
81.069565 3977.003662
85.064644 28169.367188
90.071762 2911.759277
93.069794 9993.302734
95.085472 5952.405273
99.043777 18778.689453
105.069633 5221.285645
107.085396 6491.450195
109.064110 3403.459961
109.101067 3497.669678
111.080391 4222.662109
115.030594 5973.131348
117.054123 3338.509521
119.085266 4866.880859
121.101234 5405.405273
123.080345 5203.438477
143.070252 3223.414062
143.085525 3764.584717
145.101181 4476.300781
159.116653 3290.328125
161.132080 3506.531738
170.685287 3196.987793
171.117294 4636.047363
173.132217 3270.176514
198.556580 2849.170898
220.057648 4642.058594
243.087494 99289.242188
323.115204 4122.000488
341.124573 5551.424316
359.134003 31345.445312
377.090271 5805.275391
377.145233 226147.140625
411.163055 16795.419922
429.176361 43467.484375
447.183380 13510.351562
499.217560 5115.155762
med
55.054230 4195.572754
55.981800 2984.688721
57.033436 3168.057373
60.245628 2816.847656
69.033546 5891.637695
71.049133 26967.734375
79.054131 14840.344727
81.033630 20349.199219
81.069565 3977.003662
85.064644 28169.367188
90.071762 2911.759277
93.069794 9993.302734
95.085472 5952.405273
99.043777 18778.689453
105.069633 5221.285645
107.085396 6491.450195
109.064110 3403.459961
109.101067 3497.669678
111.080391 4222.662109
115.030594 5973.131348
117.054123 3338.509521
119.085266 4866.880859
121.101234 5405.405273
123.080345 5203.438477
143.070252 3223.414062
143.085525 3764.584717
145.101181 4476.300781
159.116653 3290.328125
161.132080 3506.531738
170.685287 3196.987793
171.117294 4636.047363
173.132217 3270.176514
198.556580 2849.170898
220.057648 4642.058594
243.087494 99289.242188
323.115204 4122.000488
341.124573 5551.424316
359.134003 31345.445312
377.090271 5805.275391
377.145233 226147.140625
411.163055 16795.419922
429.176361 43467.484375
447.183380 13510.351562
499.217560 5115.155762
high
55.054230 4195.572754
55.981800 2984.688721
57.033436 3168.057373
60.245628 2816.847656
69.033546 5891.637695
71.049133 26967.734375
79.054131 14840.344727
81.033630 20349.199219
81.069565 3977.003662
85.064644 28169.367188
90.071762 2911.759277
93.069794 9993.302734
95.085472 5952.405273
99.043777 18778.689453
105.069633 5221.285645
107.085396 6491.450195
109.064110 3403.459961
109.101067 3497.669678
111.080391 4222.662109
115.030594 5973.131348
117.054123 3338.509521
119.085266 4866.880859
121.101234 5405.405273
123.080345 5203.438477
143.070252 3223.414062
143.085525 3764.584717
145.101181 4476.300781
159.116653 3290.328125
161.132080 3506.531738
170.685287 3196.987793
171.117294 4636.047363
173.132217 3270.176514
198.556580 2849.170898
220.057648 4642.058594
243.087494 99289.242188
323.115204 4122.000488
341.124573 5551.424316
359.134003 31345.445312
377.090271 5805.275391
377.145233 226147.140625
411.163055 16795.419922
429.176361 43467.484375
447.183380 13510.351562
499.217560 5115.155762
