low
58.761784 2441.056885
67.054008 2471.070312
73.536324 2440.933350
83.085243 3453.955078
95.085487 5171.480957
105.069771 11400.445312
107.085640 5367.509277
109.101135 5868.267578
119.085777 19836.314453
121.100853 5543.932129
131.084808 4289.775879
133.100845 10982.283203
135.116608 4049.147949
145.100723 14609.141602
147.116409 12992.277344
157.101685 2661.848389
159.116257 6207.823242
161.131683 5396.301758
173.132187 6195.999023
175.147919 5159.678711
185.132538 4782.777832
187.148132 18043.863281
199.147949 9774.910156
201.163559 11964.742188
203.142517 11060.788086
213.162750 5061.732422
215.049698 7211.747070
215.074936 13358.509766
278.819824 2650.270508
304.257782 3398.950195
med
58.761784 2441.056885
67.054008 2471.070312
73.536324 2440.933350
83.085243 3453.955078
95.085487 5171.480957
105.069771 11400.445312
107.085640 5367.509277
109.101135 5868.267578
119.085777 19836.314453
121.100853 5543.932129
131.084808 4289.775879
133.100845 10982.283203
135.116608 4049.147949
145.100723 14609.141602
147.116409 12992.277344
157.101685 2661.848389
159.116257 6207.823242
161.131683 5396.301758
173.132187 6195.999023
175.147919 5159.678711
185.132538 4782.777832
187.148132 18043.863281
199.147949 9774.910156
201.163559 11964.742188
203.142517 11060.788086
213.162750 5061.732422
215.049698 7211.747070
215.074936 13358.509766
278.819824 2650.270508
304.257782 3398.950195
high
58.761784 2441.056885
67.054008 2471.070312
73.536324 2440.933350
83.085243 3453.955078
95.085487 5171.480957
105.069771 11400.445312
107.085640 5367.509277
109.101135 5868.267578
119.085777 19836.314453
121.100853 5543.932129
131.084808 4289.775879
133.100845 10982.283203
135.116608 4049.147949
145.100723 14609.141602
147.116409 12992.277344
157.101685 2661.848389
159.116257 6207.823242
161.131683 5396.301758
173.132187 6195.999023
175.147919 5159.678711
185.132538 4782.777832
187.148132 18043.863281
199.147949 9774.910156
201.163559 11964.742188
203.142517 11060.788086
213.162750 5061.732422
215.049698 7211.747070
215.074936 13358.509766
278.819824 2650.270508
304.257782 3398.950195
