low
57.069880 7.730000
71.085530 3.230000
99.116830 3.870000
169.195080 3.980000
522.597230 100.000000
med
57.069880 81.050000
113.132480 27.010000
115.148130 24.980000
127.148130 36.720000
129.163780 21.820000
141.163780 34.450000
155.179430 23.920000
169.195080 27.110000
366.409430 20.050000
380.425080 33.470000
394.440730 48.670000
396.456380 24.780000
410.472030 25.300000
450.503330 26.290000
464.518980 29.310000
478.534630 19.230000
522.597230 100.000000
high
43.054230 26.020000
45.069880 11.460000
57.069880 100.000000
127.148130 15.570000
171.210730 10.570000
354.409430 25.680000
366.409430 10.670000
368.425080 27.200000
380.425080 31.400000
382.440730 37.340000
394.440730 17.050000
396.456380 29.740000
408.456380 12.100000
410.472030 11.370000
