low
43.054230 14.410000
57.069880 14.980000
59.085530 3.540000
71.085530 8.750000
73.101180 4.750000
85.101180 7.750000
87.116830 5.370000
99.116830 5.010000
101.132480 4.360000
113.132480 4.280000
394.440730 3.580000
436.487680 3.590000
464.518980 3.350000
522.597230 100.000000
med
41.038580 24.120000
43.054230 64.190000
55.054230 23.770000
57.069880 100.000000
59.085530 21.620000
71.085530 43.330000
73.101180 27.120000
83.085530 15.920000
85.101180 21.640000
99.116830 10.830000
101.132480 12.560000
113.132480 10.670000
115.148130 10.470000
127.148130 9.880000
129.163780 15.640000
380.425080 9.770000
408.456380 12.060000
422.472030 10.110000
436.487680 21.140000
450.503330 13.700000
464.518980 22.580000
478.534630 10.410000
522.597230 61.520000
high
29.038580 16.370000
41.038580 19.750000
43.054230 100.000000
45.069880 23.540000
55.054230 30.670000
57.069880 43.340000
59.085530 6.070000
71.085530 9.830000
73.101180 10.900000
83.085530 23.300000
85.101180 6.070000
97.101180 4.070000
99.116830 3.940000
113.132480 5.460000
127.148130 3.690000
129.163780 15.060000
141.163780 5.560000
155.179430 3.980000
197.226380 4.310000
225.257680 4.210000
281.320280 4.010000
338.378130 4.100000
352.393780 3.700000
366.409430 4.120000
380.425080 4.520000
394.440730 5.590000
396.456380 3.870000
408.456380 3.820000
410.472030 4.300000
