low
57.069880 47.310000
71.085530 26.350000
85.101180 20.130000
338.378130 63.410000
408.456380 100.000000
410.472030 90.670000
424.487680 14.740000
436.487680 55.560000
450.503330 41.580000
505.570680 17.110000
522.597230 67.280000
med
43.054230 53.790000
57.069880 78.300000
59.085530 11.790000
71.085530 26.370000
73.101180 12.990000
115.148130 100.000000
239.273330 11.790000
296.331180 25.520000
338.378130 63.440000
408.456380 54.830000
410.472030 50.800000
436.487680 15.130000
450.503330 18.220000
high
43.054230 7.680000
57.069880 42.700000
71.085530 8.850000
115.148130 12.100000
239.273330 100.000000
241.288980 11.870000
296.331180 29.810000
338.378130 17.610000
436.487680 6.890000
438.503330 7.160000
