low
43.054230 8.550000
71.085530 6.370000
85.101180 7.980000
111.116830 8.440000
169.195080 17.780000
436.487680 7.050000
452.518980 7.460000
522.597230 100.000000
med
43.054230 69.690000
55.054230 15.940000
57.069880 100.000000
71.085530 20.570000
73.101180 24.680000
85.101180 13.120000
87.116830 10.250000
155.179430 12.690000
366.409430 8.360000
522.597230 14.110000
high
43.054230 100.000000
57.069880 67.720000
87.116830 54.220000
157.195080 32.180000
171.210730 24.040000
268.299880 34.680000
352.393780 20.820000
368.425080 25.370000
478.534630 20.170000
