low
57.069880 8.620000
71.085530 7.290000
74.096430 3.350000
88.112080 4.440000
226.252930 5.010000
366.409430 4.660000
394.440730 3.640000
396.456380 3.330000
435.492430 30.910000
449.508080 23.700000
450.503330 7.700000
522.597230 100.000000
med
43.054230 22.310000
57.069880 77.080000
59.085530 20.250000
71.085530 93.480000
72.080780 43.960000
73.101180 100.000000
85.101180 49.650000
86.096430 37.700000
88.112080 55.410000
113.132480 18.470000
127.148130 21.040000
129.163780 27.980000
226.252930 25.610000
228.268580 25.220000
366.409430 41.300000
368.425080 23.910000
394.440730 32.020000
396.456380 71.510000
435.492430 17.460000
449.508080 63.850000
450.503330 61.890000
452.518980 28.020000
464.518980 53.810000
522.597230 65.310000
high
43.054230 42.370000
57.069880 56.260000
59.085530 23.770000
71.085530 32.160000
72.080780 38.140000
83.085530 35.700000
85.101180 69.500000
86.096430 29.810000
113.132480 31.100000
127.148130 41.160000
142.159030 36.040000
153.163780 29.560000
155.179430 77.420000
157.195080 86.430000
169.195080 29.140000
171.210730 46.460000
183.210730 46.950000
197.226380 32.290000
199.242030 34.610000
211.242030 29.640000
226.252930 43.310000
256.299880 28.210000
268.299880 35.600000
368.425080 24.490000
394.440730 70.980000
436.487680 52.060000
437.508080 64.490000
450.503330 100.000000
451.523730 29.640000
452.518980 81.200000
466.534630 33.900000
