low
41.038580 2.580000
43.054230 11.700000
57.069880 22.300000
59.085530 3.280000
71.085530 14.760000
73.101180 3.400000
85.101180 5.900000
87.116830 4.180000
99.116830 6.440000
113.132480 2.640000
129.163780 2.630000
141.163780 3.160000
464.518980 2.490000
522.597230 100.000000
med
41.038580 27.800000
43.054230 70.120000
55.054230 21.230000
57.069880 100.000000
59.085530 34.980000
71.085530 79.200000
73.101180 22.660000
85.101180 13.800000
99.116830 14.800000
101.132480 9.920000
127.148130 13.800000
141.163780 33.760000
212.237280 10.260000
366.409430 10.760000
380.425080 11.090000
394.440730 15.750000
396.456380 8.790000
408.456380 9.200000
436.487680 14.410000
450.503330 22.270000
452.518980 10.500000
464.518980 21.900000
522.597230 54.380000
high
29.038580 13.230000
41.038580 17.880000
43.054230 100.000000
45.069880 18.990000
55.054230 9.700000
57.069880 69.700000
59.085530 8.190000
71.085530 29.070000
73.101180 2.800000
83.085530 10.730000
99.116830 7.180000
141.163780 12.220000
143.179430 8.310000
155.179430 4.090000
169.195080 4.090000
296.331180 4.690000
366.409430 4.100000
380.425080 4.580000
382.440730 4.120000
394.440730 3.680000
396.456380 2.870000
450.503330 3.240000
