low
43.054230 8.880000
57.069880 13.790000
59.085530 4.590000
71.085530 12.220000
85.101180 5.530000
239.273330 4.920000
436.487680 4.510000
522.597230 100.000000
med
43.054230 43.680000
57.069880 100.000000
59.085530 25.340000
71.085530 40.850000
73.101180 28.740000
85.101180 48.020000
87.116830 44.890000
115.148130 49.900000
127.148130 29.940000
140.143380 25.390000
141.163780 31.260000
142.159030 30.060000
239.273330 30.980000
282.315530 58.220000
380.425080 40.590000
436.487680 35.170000
450.503330 30.620000
464.518980 26.880000
478.534630 27.510000
522.597230 77.320000
high
43.054230 86.860000
57.069880 78.770000
73.101180 23.260000
127.148130 39.090000
140.143380 34.760000
142.159030 100.000000
144.174680 31.540000
198.221630 22.240000
239.273330 21.130000
253.288980 45.240000
255.304630 36.320000
380.425080 71.130000
382.440730 47.230000
396.456380 50.320000
408.456380 49.520000
410.472030 47.320000
422.472030 50.060000
436.487680 62.480000
438.503330 40.620000
