low
337.382880 10.140000
438.503330 7.620000
522.597230 100.000000
med
57.069880 27.540000
59.085530 14.050000
71.085530 23.950000
85.101180 100.000000
114.127730 24.860000
155.179430 18.900000
186.221630 66.200000
253.288980 15.540000
337.382880 17.770000
438.503330 35.220000
450.503330 22.300000
452.518980 86.760000
464.518980 17.860000
466.534630 15.720000
522.597230 91.170000
high
43.054230 30.380000
57.069880 15.940000
71.085530 19.080000
85.101180 28.610000
181.195080 16.120000
183.210730 100.000000
185.226380 32.050000
186.221630 34.660000
253.288980 82.950000
255.304630 40.210000
282.315530 71.610000
284.331180 40.260000
436.487680 17.790000
452.518980 14.020000
