low
57.069880 6.180000
71.085530 5.080000
85.101180 3.780000
113.132480 6.350000
127.148130 6.690000
253.288980 8.380000
410.472030 3.850000
522.597230 100.000000
med
43.054230 27.720000
57.069880 100.000000
59.085530 17.500000
71.085530 39.050000
73.101180 17.670000
85.101180 18.580000
87.116830 13.950000
99.116830 15.840000
101.132480 22.060000
113.132480 17.430000
115.148130 16.510000
127.148130 14.590000
129.163780 11.110000
253.288980 11.220000
394.440730 18.580000
408.456380 13.640000
410.472030 13.190000
522.597230 37.120000
high
45.069880 12.460000
57.069880 27.370000
59.085530 29.850000
71.085530 22.750000
83.085530 17.510000
97.101180 15.560000
99.116830 20.040000
101.132480 22.620000
113.132480 21.130000
127.148130 11.780000
139.148130 35.000000
141.163780 97.160000
254.284230 24.580000
268.299880 18.530000
270.315530 100.000000
296.331180 16.800000
410.472030 27.240000
