low
43.054230 15.240000
57.069880 13.570000
59.085530 4.730000
71.085530 17.720000
73.101180 5.090000
85.101180 8.840000
87.116830 6.260000
99.116830 9.640000
522.597230 100.000000
med
41.038580 18.680000
43.054230 91.990000
55.054230 29.580000
57.069880 100.000000
59.085530 43.250000
71.085530 43.400000
73.101180 33.500000
85.101180 20.430000
99.116830 22.350000
101.132480 16.380000
127.148130 23.770000
141.163780 16.520000
436.487680 32.200000
450.503330 16.440000
464.518980 31.090000
522.597230 54.150000
high
29.038580 4.750000
41.038580 6.900000
43.054230 100.000000
45.069880 6.800000
55.054230 9.840000
57.069880 53.800000
59.085530 8.120000
71.085530 12.830000
99.116830 13.290000
115.148130 4.900000
127.148130 4.820000
228.268580 7.750000
240.268580 4.670000
242.284230 6.960000
256.299880 5.470000
309.351580 14.780000
422.472030 6.370000
424.487680 20.800000
436.487680 6.240000
438.503330 12.450000
450.503330 6.690000
