low
43.054230 14.580000
57.069880 23.370000
59.085530 3.190000
71.085530 14.530000
73.101180 3.420000
85.101180 6.100000
87.116830 4.210000
99.116830 6.490000
113.132480 3.160000
130.159030 2.670000
393.445480 4.420000
410.472030 3.200000
522.597230 100.000000
med
41.038580 25.100000
43.054230 71.980000
45.069880 6.070000
55.054230 18.930000
57.069880 100.000000
59.085530 27.520000
71.085530 52.490000
73.101180 21.540000
85.101180 14.380000
99.116830 13.640000
101.132480 10.160000
113.132480 8.690000
115.148130 7.490000
141.163780 15.560000
142.159030 6.330000
393.445480 12.560000
422.472030 6.970000
436.487680 11.510000
450.503330 12.600000
464.518980 14.820000
522.597230 54.100000
high
29.038580 12.440000
41.038580 16.820000
43.054230 100.000000
45.069880 17.860000
55.054230 10.010000
57.069880 63.170000
58.065130 6.470000
59.085530 7.170000
71.085530 26.310000
73.101180 2.630000
83.085530 2.680000
99.116830 6.750000
115.148130 2.170000
128.143380 4.200000
141.163780 5.740000
142.159030 5.010000
143.179430 3.910000
144.174680 2.240000
268.299880 2.200000
282.315530 2.200000
296.331180 2.200000
310.346830 2.200000
324.362480 2.200000
338.378130 2.200000
352.393780 2.200000
366.409430 2.200000
380.425080 3.060000
393.445480 3.290000
394.440730 2.420000
408.456380 2.260000
436.487680 2.870000
