low
57.069880 19.490000
71.085530 7.620000
99.116830 9.560000
522.597230 100.000000
med
43.054230 66.970000
57.069880 100.000000
71.085530 62.120000
101.132480 22.790000
113.132480 62.020000
115.148130 26.410000
282.315530 49.850000
408.456380 26.990000
410.472030 23.640000
464.518980 23.130000
522.597230 28.490000
high
43.054230 35.480000
57.069880 41.170000
113.132480 28.470000
170.190330 51.710000
239.273330 25.280000
253.288980 100.000000
282.315530 44.260000
408.456380 46.640000
436.487680 39.360000
438.503330 26.070000
450.503330 41.190000
