low
41.038580 2.900000
43.054230 11.160000
57.069880 22.280000
59.085530 3.150000
71.085530 13.610000
73.101180 3.390000
85.101180 5.880000
87.116830 4.170000
99.116830 6.400000
113.132480 2.640000
115.148130 2.620000
141.163780 3.140000
522.597230 100.000000
med
41.038580 25.680000
43.054230 63.000000
55.054230 19.040000
57.069880 100.000000
59.085530 27.460000
71.085530 65.070000
73.101180 21.170000
85.101180 12.880000
99.116830 13.880000
115.148130 22.510000
127.148130 13.260000
141.163780 31.670000
254.284230 15.420000
380.425080 14.960000
394.440730 29.580000
396.456380 18.690000
408.456380 11.290000
436.487680 10.860000
450.503330 13.260000
464.518980 15.930000
522.597230 50.470000
high
29.038580 13.850000
41.038580 17.590000
43.054230 100.000000
45.069880 19.850000
55.054230 9.570000
57.069880 78.290000
59.085530 7.920000
71.085530 26.230000
99.116830 7.510000
115.148130 14.290000
127.148130 5.880000
141.163780 12.780000
143.179430 8.690000
254.284230 6.800000
256.299880 7.450000
270.315530 5.620000
354.409430 10.600000
368.425080 9.280000
380.425080 10.650000
382.440730 20.410000
394.440730 10.180000
396.456380 17.630000
408.456380 6.310000
