low
57.069880 7.440000
169.195080 11.350000
354.409430 83.810000
522.597230 100.000000
med
113.132480 64.460000
115.148130 43.150000
127.148130 74.490000
141.163780 58.010000
169.195080 41.000000
240.268580 38.190000
354.409430 40.020000
380.425080 100.000000
382.440730 33.160000
394.440730 46.610000
396.456380 71.150000
410.472030 85.150000
464.518980 47.010000
478.534630 52.480000
522.597230 56.350000
high
57.069880 43.260000
99.116830 46.320000
127.148130 63.330000
129.163780 19.830000
169.195080 19.060000
212.237280 67.420000
338.378130 100.000000
352.393780 35.900000
354.409430 15.150000
380.425080 48.820000
382.440730 24.390000
