low
43.054230 10.500000
57.069880 28.700000
59.085530 3.180000
71.085530 14.990000
73.101180 2.620000
74.096430 2.600000
85.101180 3.730000
86.096430 2.280000
113.132480 5.020000
197.226380 2.380000
366.409430 4.710000
435.492430 8.500000
450.503330 8.610000
452.518980 2.590000
464.518980 3.280000
477.539380 6.030000
478.534630 2.790000
522.597230 100.000000
med
43.054230 37.940000
57.069880 100.000000
58.065130 20.480000
59.085530 12.500000
71.085530 31.330000
73.101180 18.950000
74.096430 14.870000
85.101180 19.290000
86.096430 10.030000
87.116830 5.790000
88.112080 27.460000
101.132480 21.090000
115.148130 6.920000
127.148130 12.710000
366.409430 15.270000
368.425080 8.840000
394.440730 6.120000
435.492430 24.570000
436.487680 8.420000
450.503330 26.450000
452.518980 12.460000
464.518980 26.020000
477.539380 11.460000
522.597230 20.600000
high
43.054230 79.860000
57.069880 62.940000
71.085530 15.580000
83.085530 28.860000
85.101180 17.630000
100.112080 28.900000
113.132480 16.810000
127.148130 60.600000
142.159030 100.000000
155.179430 33.940000
157.195080 39.060000
169.195080 19.630000
171.210730 31.290000
183.210730 21.230000
197.226380 21.750000
199.242030 23.320000
211.242030 19.970000
226.252930 20.320000
254.284230 24.280000
268.299880 18.140000
284.331180 20.340000
298.346830 24.340000
368.425080 16.500000
394.440730 43.280000
422.472030 21.630000
436.487680 27.690000
450.503330 72.530000
452.518980 57.810000
464.518980 15.850000
466.534630 22.840000
478.534630 14.950000
