low
41.038580 4.440000
43.054230 13.510000
57.069880 28.240000
59.085530 4.670000
71.085530 15.570000
73.101180 5.030000
522.597230 100.000000
med
41.038580 45.690000
43.054230 94.390000
57.069880 100.000000
59.085530 48.060000
71.085530 31.940000
73.101180 37.710000
141.163780 11.650000
169.195080 11.140000
197.226380 11.850000
211.242030 15.790000
352.393780 11.090000
436.487680 13.580000
450.503330 29.080000
464.518980 35.830000
478.534630 16.680000
522.597230 63.710000
high
29.038580 8.970000
41.038580 17.580000
43.054230 100.000000
45.069880 12.840000
57.069880 24.370000
59.085530 7.660000
83.085530 21.770000
85.101180 8.860000
141.163780 7.000000
143.179430 9.130000
211.242030 6.140000
213.257680 5.690000
312.362480 13.820000
324.362480 5.740000
326.378130 14.640000
338.378130 8.820000
340.393780 13.140000
352.393780 6.300000
354.409430 10.340000
368.425080 5.580000
438.503330 9.610000
452.518980 6.270000
