low
43.054230 6.930000
57.069880 10.160000
59.085530 3.240000
71.085530 6.530000
83.085530 6.450000
85.101180 4.840000
87.116830 5.390000
127.148130 9.180000
141.163780 6.300000
522.597230 100.000000
med
43.054230 39.720000
55.054230 14.860000
57.069880 100.000000
59.085530 17.030000
71.085530 21.790000
73.101180 19.220000
83.085530 21.690000
85.101180 29.390000
87.116830 26.200000
101.132480 23.750000
113.132480 12.890000
129.163780 39.550000
141.163780 13.630000
394.440730 36.290000
422.472030 15.360000
436.487680 15.720000
450.503330 15.800000
464.518980 13.520000
478.534630 14.540000
522.597230 56.950000
high
43.054230 67.190000
45.069880 18.940000
55.054230 13.840000
57.069880 30.060000
59.085530 41.610000
69.069880 18.380000
71.085530 20.050000
73.101180 43.430000
83.085530 93.500000
85.101180 21.130000
87.116830 19.800000
97.101180 39.440000
99.116830 13.850000
141.163780 100.000000
225.257680 24.030000
380.425080 42.220000
394.440730 26.940000
396.456380 55.130000
408.456380 27.310000
410.472030 40.800000
