low
43.054230 4.690000
57.069880 10.420000
71.085530 3.300000
73.101180 4.610000
85.101180 7.730000
87.116830 3.890000
141.163780 7.710000
380.425080 2.540000
464.518980 3.050000
522.597230 100.000000
med
43.054230 35.820000
55.054230 23.330000
57.069880 100.000000
59.085530 18.160000
85.101180 32.570000
87.116830 17.520000
97.101180 23.330000
99.116830 14.840000
101.132480 16.770000
115.148130 16.400000
127.148130 37.060000
129.163780 21.930000
141.163780 30.190000
143.179430 17.550000
155.179430 17.260000
380.425080 83.760000
394.440730 21.020000
408.456380 23.420000
436.487680 15.200000
464.518980 29.590000
478.534630 14.000000
522.597230 69.250000
high
43.054230 59.410000
55.054230 14.470000
57.069880 40.030000
59.085530 100.000000
83.085530 20.160000
87.116830 18.370000
97.101180 28.330000
127.148130 20.160000
141.163780 16.390000
143.179430 24.030000
197.226380 28.270000
326.378130 14.000000
340.393780 14.830000
366.409430 19.340000
368.425080 51.810000
380.425080 41.230000
382.440730 26.650000
394.440730 24.920000
396.456380 72.490000
408.456380 26.540000
410.472030 27.370000
422.472030 16.880000
