low
43.054230 13.880000
57.069880 37.080000
59.085530 5.360000
71.085530 19.010000
73.101180 5.500000
85.101180 10.280000
87.116830 5.850000
113.132480 6.550000
253.288980 15.500000
270.315530 6.650000
396.456380 20.110000
522.597230 100.000000
med
41.038580 17.500000
43.054230 55.710000
57.069880 100.000000
59.085530 28.720000
71.085530 22.410000
73.101180 14.470000
85.101180 16.090000
99.116830 11.200000
101.132480 10.930000
113.132480 26.340000
115.148130 13.530000
127.148130 15.150000
211.242030 16.120000
270.315530 50.940000
310.346830 18.990000
408.456380 59.900000
410.472030 54.170000
422.472030 11.860000
522.597230 17.560000
high
41.038580 14.530000
43.054230 100.000000
45.069880 5.870000
57.069880 70.440000
59.085530 7.950000
71.085530 9.120000
85.101180 8.690000
113.132480 7.250000
125.132480 15.340000
127.148130 16.630000
129.163780 9.630000
142.159030 6.780000
268.299880 7.570000
270.315530 6.600000
310.346830 8.400000
312.362480 14.440000
394.440730 6.390000
396.456380 25.500000
408.456380 7.300000
