low
43.054230 3.710000
57.069880 4.520000
71.085530 7.820000
73.101180 6.040000
85.101180 4.570000
87.116830 4.550000
99.116830 4.260000
127.148130 6.080000
522.597230 100.000000
med
43.054230 35.620000
57.069880 100.000000
59.085530 19.990000
71.085530 64.910000
73.101180 32.940000
85.101180 26.590000
87.116830 18.880000
99.116830 20.070000
101.132480 33.690000
113.132480 18.280000
115.148130 19.520000
127.148130 40.390000
129.163780 30.480000
141.163780 25.400000
394.440730 31.930000
408.456380 15.430000
422.472030 18.280000
436.487680 18.620000
478.534630 14.890000
522.597230 59.420000
high
43.054230 97.690000
55.054230 19.370000
57.069880 98.350000
69.069880 37.500000
71.085530 25.260000
97.101180 37.800000
127.148130 36.320000
129.163780 30.280000
143.179430 30.100000
298.346830 36.240000
312.362480 49.530000
326.378130 43.590000
340.393780 34.300000
380.425080 59.360000
382.440730 100.000000
394.440730 34.080000
396.456380 71.920000
408.456380 54.090000
410.472030 73.990000
422.472030 24.270000
436.487680 41.880000
