low
43.054230 6.940000
57.069880 6.370000
59.085530 3.800000
71.085530 7.800000
73.101180 8.020000
85.101180 6.940000
87.116830 4.910000
211.242030 3.340000
225.257680 5.370000
436.487680 3.730000
464.518980 4.420000
522.597230 100.000000
med
41.038580 22.340000
43.054230 19.600000
55.054230 24.530000
57.069880 100.000000
59.085530 14.720000
71.085530 65.600000
73.101180 41.180000
85.101180 22.840000
99.116830 15.640000
101.132480 25.190000
115.148130 11.980000
127.148130 10.980000
155.179430 12.620000
183.210730 15.210000
211.242030 22.410000
225.257680 53.250000
310.346830 25.480000
324.362480 15.430000
338.378130 11.540000
436.487680 27.610000
464.518980 19.910000
478.534630 15.640000
506.565930 11.170000
522.597230 75.220000
high
41.038580 12.230000
43.054230 40.740000
45.069880 15.070000
55.054230 24.760000
57.069880 27.560000
71.085530 15.650000
83.085530 23.520000
99.116830 18.480000
101.132480 12.360000
116.143380 28.720000
142.159030 27.860000
144.174680 33.330000
225.257680 81.270000
298.346830 39.900000
310.346830 22.490000
312.362480 100.000000
324.362480 11.910000
338.378130 12.870000
340.393780 43.860000
368.425080 16.960000
