low
43.054230 25.290000
57.069880 38.040000
71.085530 23.100000
85.101180 20.490000
87.116830 9.740000
141.163780 15.650000
282.315530 8.090000
366.409430 8.250000
382.440730 96.060000
438.503330 10.150000
522.597230 100.000000
med
43.054230 94.770000
57.069880 78.490000
59.085530 31.540000
71.085530 33.390000
73.101180 23.650000
83.085530 18.470000
85.101180 56.420000
141.163780 17.670000
170.190330 26.710000
240.268580 32.350000
242.284230 38.310000
282.315530 49.500000
284.331180 20.480000
312.362480 52.640000
366.409430 20.540000
380.425080 21.080000
382.440730 100.000000
436.487680 24.180000
438.503330 51.610000
450.503330 27.250000
452.518980 39.770000
522.597230 23.290000
high
41.038580 10.420000
43.054230 100.000000
45.069880 14.210000
57.069880 33.590000
59.085530 21.270000
69.069880 10.170000
71.085530 24.040000
73.101180 9.410000
85.101180 13.450000
99.116830 10.350000
101.132480 17.810000
141.163780 15.060000
240.268580 14.940000
282.315530 22.780000
366.409430 15.160000
380.425080 23.010000
