low
43.054230 12.890000
57.069880 20.910000
71.085530 10.280000
73.101180 3.490000
85.101180 8.160000
436.487680 4.310000
438.503330 25.010000
480.550280 4.010000
522.597230 100.000000
med
41.038580 47.680000
43.054230 100.000000
57.069880 99.760000
59.085530 35.770000
69.069880 61.080000
71.085530 31.480000
73.101180 27.660000
85.101180 48.260000
211.242030 34.060000
324.362480 46.660000
326.378130 48.290000
338.378130 41.870000
352.393780 21.090000
438.503330 65.340000
450.503330 21.510000
464.518980 31.830000
478.534630 28.110000
522.597230 55.940000
high
29.038580 18.000000
41.038580 16.060000
43.054230 100.000000
45.069880 35.310000
57.069880 29.670000
59.085530 23.100000
71.085530 12.220000
73.101180 10.310000
127.148130 11.270000
129.163780 9.440000
183.210730 6.490000
211.242030 8.950000
312.362480 8.900000
338.378130 8.290000
340.393780 9.700000
352.393780 7.690000
354.409430 10.880000
366.409430 13.490000
368.425080 6.520000
380.425080 8.450000
382.440730 7.030000
436.487680 13.580000
