low
43.054230 9.380000
57.069880 39.150000
113.132480 14.700000
410.472030 34.930000
450.503330 18.370000
466.534630 9.950000
522.597230 100.000000
med
41.038580 10.390000
43.054230 25.030000
55.054230 14.360000
57.069880 100.000000
59.085530 16.390000
113.132480 18.160000
141.163780 21.690000
197.226380 11.530000
338.378130 12.260000
352.393780 21.050000
366.409430 12.960000
410.472030 74.690000
450.503330 23.280000
464.518980 20.660000
466.534630 28.540000
506.565930 10.340000
522.597230 16.820000
high
29.038580 10.070000
41.038580 14.700000
43.054230 84.850000
45.069880 38.380000
57.069880 100.000000
59.085530 47.880000
71.085530 13.810000
73.101180 14.340000
99.116830 9.190000
101.132480 10.610000
113.132480 21.470000
129.163780 8.330000
141.163780 8.960000
197.226380 11.270000
268.299880 23.500000
324.362480 8.080000
354.409430 8.120000
368.425080 9.100000
396.456380 11.110000
408.456380 9.430000
410.472030 8.490000
450.503330 20.480000
