low
43.054230 16.570000
57.069880 30.190000
71.085530 15.830000
73.101180 5.120000
85.101180 8.870000
87.116830 7.960000
522.597230 100.000000
med
41.038580 41.520000
43.054230 100.000000
55.054230 18.260000
57.069880 99.580000
59.085530 42.890000
71.085530 28.340000
73.101180 33.200000
85.101180 20.300000
87.116830 12.770000
394.440730 29.070000
408.456380 12.240000
422.472030 13.200000
436.487680 13.680000
450.503330 15.350000
464.518980 13.250000
478.534630 13.120000
522.597230 54.590000
high
29.038580 12.820000
41.038580 16.750000
43.054230 100.000000
45.069880 37.250000
57.069880 37.730000
59.085530 39.760000
113.132480 10.320000
141.163780 7.300000
225.257680 13.290000
298.346830 6.580000
312.362480 6.970000
380.425080 15.490000
382.440730 7.380000
394.440730 13.020000
396.456380 29.920000
408.456380 8.020000
410.472030 19.870000
