low
43.054230 7.270000
57.069880 3.670000
71.085530 4.520000
85.101180 2.930000
127.148130 4.520000
141.163780 4.000000
183.210730 3.180000
394.440730 2.820000
522.597230 100.000000
med
43.054230 49.290000
57.069880 62.470000
71.085530 40.690000
73.101180 16.850000
85.101180 30.950000
101.132480 26.440000
115.148130 16.780000
127.148130 27.450000
129.163780 38.870000
141.163780 35.030000
143.179430 16.890000
169.195080 16.970000
183.210730 30.680000
380.425080 41.130000
394.440730 33.730000
408.456380 14.940000
410.472030 16.020000
436.487680 22.940000
450.503330 23.110000
464.518980 24.030000
478.534630 26.240000
522.597230 100.000000
high
29.038580 26.290000
43.054230 98.380000
45.069880 100.000000
57.069880 34.930000
59.085530 47.520000
71.085530 29.310000
73.101180 46.490000
83.085530 76.660000
85.101180 23.620000
97.101180 31.650000
113.132480 36.130000
183.210730 81.750000
340.393780 40.490000
354.409430 42.880000
366.409430 25.830000
368.425080 38.510000
380.425080 68.880000
382.440730 48.690000
394.440730 45.220000
396.456380 77.640000
408.456380 34.390000
410.472030 44.260000
