low
43.054230 12.530000
57.069880 10.390000
71.085530 7.580000
73.101180 8.170000
85.101180 10.260000
87.116830 4.880000
99.116830 7.510000
101.132480 5.920000
239.273330 3.950000
436.487680 3.840000
464.518980 4.560000
522.597230 100.000000
med
41.038580 10.540000
43.054230 22.470000
55.054230 11.480000
57.069880 100.000000
71.085530 34.570000
73.101180 21.360000
83.085530 8.770000
85.101180 23.020000
87.116830 5.520000
99.116830 8.310000
101.132480 10.700000
127.148130 8.670000
129.163780 5.820000
197.226380 7.670000
239.273330 11.590000
296.331180 6.480000
324.362480 19.390000
380.425080 7.710000
408.456380 8.080000
422.472030 7.620000
436.487680 14.920000
464.518980 10.750000
506.565930 7.010000
522.597230 38.060000
high
29.038580 14.910000
41.038580 25.610000
43.054230 100.000000
55.054230 64.040000
57.069880 84.440000
71.085530 17.970000
83.085530 19.530000
85.101180 29.830000
127.148130 25.740000
141.163780 17.830000
155.179430 15.870000
298.346830 16.270000
310.346830 16.360000
312.362480 30.700000
324.362480 29.960000
326.378130 60.980000
340.393780 27.730000
354.409430 16.950000
366.409430 13.430000
368.425080 51.520000
380.425080 13.720000
382.440730 14.830000
