low
43.054230 6.570000
57.069880 33.020000
71.085530 5.170000
155.179430 7.540000
212.237280 5.430000
254.284230 7.490000
368.425080 97.470000
424.487680 8.660000
522.597230 100.000000
med
41.038580 38.990000
43.054230 32.230000
57.069880 67.320000
83.085530 46.430000
85.101180 83.240000
97.101180 34.980000
155.179430 33.300000
212.237280 44.140000
254.284230 82.170000
256.299880 18.930000
338.378130 66.930000
340.393780 51.860000
366.409430 34.440000
368.425080 100.000000
410.472030 36.330000
422.472030 24.780000
424.487680 65.980000
436.487680 35.880000
438.503330 62.550000
464.518980 45.900000
478.534630 19.060000
522.597230 45.560000
high
29.038580 30.670000
41.038580 36.150000
43.054230 100.000000
45.069880 63.940000
57.069880 64.890000
59.085530 40.190000
83.085530 29.570000
85.101180 25.690000
97.101180 14.540000
99.116830 34.210000
101.132480 16.500000
113.132480 33.130000
212.237280 34.810000
254.284230 70.720000
366.409430 34.590000
438.503330 11.350000
