low
43.054230 11.590000
57.069880 18.670000
59.085530 3.280000
71.085530 12.370000
73.101180 4.650000
450.503330 3.370000
464.518980 2.990000
522.597230 100.000000
med
41.038580 46.220000
43.054230 96.700000
57.069880 100.000000
59.085530 42.340000
69.069880 40.930000
71.085530 26.720000
73.101180 43.640000
85.101180 52.480000
101.132480 11.220000
141.163780 14.190000
169.195080 13.570000
211.242030 23.260000
352.393780 13.500000
436.487680 16.720000
450.503330 34.950000
464.518980 41.150000
478.534630 20.590000
522.597230 76.990000
high
29.038580 12.380000
41.038580 17.750000
43.054230 100.000000
45.069880 17.750000
55.054230 6.730000
57.069880 23.900000
59.085530 7.570000
87.116830 5.350000
101.132480 5.480000
127.148130 7.710000
129.163780 6.220000
141.163780 9.670000
143.179430 12.610000
211.242030 25.340000
312.362480 5.620000
324.362480 6.250000
326.378130 10.990000
338.378130 12.180000
340.393780 18.160000
352.393780 8.700000
354.409430 14.280000
366.409430 6.990000
368.425080 7.710000
