low
43.054230 16.620000
57.069880 27.940000
71.085530 9.750000
85.101180 7.310000
86.096430 7.290000
87.116830 5.280000
239.273330 6.310000
282.315530 3.990000
284.331180 45.970000
422.472030 9.780000
424.487680 5.060000
436.487680 10.000000
438.503330 11.500000
522.597230 100.000000
med
43.054230 72.060000
44.049480 60.430000
55.054230 26.480000
57.069880 100.000000
59.085530 21.100000
85.101180 20.850000
86.096430 76.540000
88.112080 42.190000
101.132480 21.200000
127.148130 16.510000
239.273330 16.410000
268.299880 67.490000
284.331180 74.820000
340.393780 27.600000
352.393780 25.010000
354.409430 25.290000
396.456380 18.940000
410.472030 16.600000
422.472030 39.470000
424.487680 25.560000
436.487680 42.110000
438.503330 40.680000
464.518980 20.040000
522.597230 23.830000
high
29.038580 10.820000
41.038580 9.060000
43.054230 100.000000
44.049480 40.440000
45.069880 15.470000
57.069880 31.020000
59.085530 10.410000
86.096430 79.650000
102.127730 9.360000
116.143380 9.220000
128.143380 17.130000
141.163780 18.320000
142.159030 14.730000
143.179430 10.110000
144.174680 9.000000
155.179430 13.920000
157.195080 15.710000
239.273330 9.560000
268.299880 10.400000
282.315530 15.600000
340.393780 8.990000
354.409430 11.620000
368.425080 12.000000
380.425080 11.290000
422.472030 10.820000
436.487680 9.110000
