low
43.054230 17.630000
57.069880 21.690000
71.085530 19.860000
73.101180 5.740000
85.101180 9.940000
87.116830 6.610000
99.116830 6.720000
225.257680 10.880000
298.346830 7.810000
382.440730 14.880000
436.487680 7.100000
450.503330 7.350000
522.597230 100.000000
med
41.038580 31.440000
43.054230 100.000000
55.054230 61.820000
57.069880 93.580000
59.085530 31.310000
71.085530 38.760000
73.101180 39.480000
85.101180 24.430000
87.116830 23.040000
97.101180 19.060000
99.116830 25.380000
127.148130 17.050000
183.210730 23.690000
298.346830 99.510000
338.378130 27.910000
394.440730 44.240000
396.456380 47.620000
408.456380 17.220000
438.503330 20.410000
450.503330 34.390000
522.597230 25.320000
high
41.038580 30.040000
43.054230 100.000000
45.069880 8.700000
55.054230 22.640000
57.069880 52.610000
71.085530 8.690000
99.116830 22.470000
101.132480 20.650000
113.132480 23.610000
115.148130 13.210000
127.148130 21.640000
129.163780 24.560000
141.163780 19.720000
143.179430 8.930000
296.331180 11.220000
298.346830 14.700000
338.378130 12.440000
340.393780 21.400000
380.425080 13.060000
382.440730 40.700000
396.456380 10.340000
