low
43.054230 2.380000
57.069880 5.430000
59.085530 4.010000
71.085530 2.480000
73.101180 2.620000
87.116830 3.270000
99.116830 6.920000
380.425080 3.320000
464.518980 4.340000
522.597230 100.000000
med
43.054230 31.330000
57.069880 70.100000
59.085530 21.460000
71.085530 15.260000
73.101180 28.440000
85.101180 26.110000
99.116830 23.910000
101.132480 24.210000
113.132480 25.750000
115.148130 15.510000
127.148130 15.460000
129.163780 18.080000
139.148130 27.000000
141.163780 22.180000
155.179430 18.610000
183.210730 22.840000
197.226380 30.450000
338.378130 17.560000
366.409430 23.400000
408.456380 14.270000
422.472030 20.110000
424.487680 16.280000
436.487680 23.640000
450.503330 25.630000
464.518980 30.250000
478.534630 16.510000
522.597230 100.000000
high
43.054230 35.580000
45.069880 17.710000
55.054230 22.580000
57.069880 29.190000
87.116830 18.140000
113.132480 18.860000
115.148130 18.070000
127.148130 15.790000
139.148130 41.490000
141.163780 15.530000
197.226380 21.710000
326.378130 54.460000
338.378130 16.030000
340.393780 74.450000
352.393780 24.000000
354.409430 62.740000
366.409430 23.030000
368.425080 73.870000
380.425080 17.310000
382.440730 51.390000
396.456380 25.060000
408.456380 25.820000
410.472030 100.000000
436.487680 16.670000
