low
71.085530 3.440000
73.101180 2.270000
85.101180 3.320000
99.116830 4.090000
127.148130 4.420000
141.163780 3.410000
394.440730 2.530000
464.518980 4.330000
466.534630 2.490000
522.597230 100.000000
med
43.054230 18.150000
55.054230 24.090000
57.069880 71.470000
71.085530 37.480000
73.101180 18.980000
85.101180 27.880000
99.116830 26.410000
101.132480 35.650000
113.132480 21.870000
115.148130 36.900000
125.132480 20.620000
127.148130 45.310000
129.163780 32.930000
141.163780 36.280000
143.179430 18.240000
169.195080 24.150000
183.210730 24.600000
352.393780 17.240000
380.425080 57.370000
382.440730 36.950000
394.440730 29.810000
408.456380 32.170000
422.472030 18.100000
436.487680 25.250000
478.534630 20.080000
522.597230 100.000000
high
43.054230 23.240000
55.054230 38.990000
57.069880 60.740000
99.116830 23.240000
115.148130 16.110000
127.148130 17.300000
143.179430 23.480000
340.393780 45.130000
352.393780 15.280000
354.409430 51.900000
366.409430 24.300000
368.425080 100.000000
380.425080 36.260000
382.440730 86.310000
394.440730 23.280000
396.456380 46.920000
408.456380 23.890000
410.472030 33.590000
436.487680 18.620000
