low
57.069880 9.400000
71.085530 6.880000
73.101180 6.510000
85.101180 9.110000
87.116830 4.010000
99.116830 4.950000
101.132480 4.110000
113.132480 16.580000
522.597230 100.000000
med
43.054230 31.800000
55.054230 16.210000
57.069880 100.000000
59.085530 12.430000
71.085530 40.250000
73.101180 36.660000
83.085530 15.760000
85.101180 41.590000
87.116830 23.180000
99.116830 23.640000
101.132480 33.950000
113.132480 39.200000
115.148130 46.180000
127.148130 15.710000
408.456380 43.910000
422.472030 13.490000
436.487680 32.190000
464.518980 25.600000
522.597230 61.980000
high
43.054230 66.610000
55.054230 56.050000
57.069880 100.000000
69.069880 23.010000
71.085530 26.850000
83.085530 50.700000
85.101180 20.690000
97.101180 41.190000
115.148130 14.360000
127.148130 14.980000
270.315530 29.050000
284.331180 39.710000
298.346830 34.940000
312.362480 27.490000
394.440730 28.530000
396.456380 73.850000
408.456380 28.840000
410.472030 46.560000
422.472030 35.760000
436.487680 24.260000
438.503330 17.430000
450.503330 19.130000
