low
43.054230 10.200000
57.069880 19.580000
59.085530 3.700000
71.085530 3.930000
73.101180 3.490000
85.101180 4.450000
99.116830 7.940000
197.226380 3.320000
522.597230 100.000000
med
41.038580 19.640000
43.054230 46.500000
57.069880 100.000000
59.085530 27.170000
69.069880 10.120000
71.085530 28.560000
73.101180 14.630000
83.085530 15.410000
85.101180 20.820000
87.116830 10.010000
97.101180 10.580000
101.132480 11.640000
113.132480 34.160000
115.148130 9.510000
141.163780 17.360000
197.226380 17.010000
422.472030 11.820000
436.487680 11.180000
450.503330 15.510000
464.518980 25.110000
478.534630 13.820000
522.597230 47.190000
high
29.038580 23.160000
41.038580 18.520000
43.054230 100.000000
45.069880 33.320000
57.069880 49.740000
59.085530 10.030000
113.132480 15.110000
127.148130 16.780000
197.226380 48.050000
326.378130 23.800000
340.393780 25.200000
352.393780 15.180000
354.409430 22.630000
366.409430 10.840000
368.425080 17.800000
380.425080 11.700000
382.440730 13.810000
408.456380 17.720000
410.472030 23.620000
422.472030 13.610000
424.487680 11.730000
