low
41.038580 11.650000
43.054230 25.480000
57.069880 65.890000
71.085530 50.290000
85.101180 14.740000
211.242030 12.910000
312.362480 71.170000
450.503330 16.050000
452.518980 17.590000
522.597230 100.000000
med
41.038580 52.190000
43.054230 100.000000
55.054230 25.270000
57.069880 69.330000
59.085530 69.280000
71.085530 37.320000
100.112080 32.330000
102.127730 17.040000
142.159030 30.500000
144.174680 16.720000
211.242030 26.230000
310.346830 14.820000
312.362480 30.360000
368.425080 16.280000
380.425080 39.890000
382.440730 21.820000
438.503330 14.350000
450.503330 86.990000
452.518980 62.680000
464.518980 56.140000
466.534630 14.040000
522.597230 24.650000
high
29.038580 10.660000
41.038580 34.630000
43.054230 100.000000
45.069880 15.230000
57.069880 29.410000
59.085530 16.930000
85.101180 7.080000
100.112080 10.990000
102.127730 6.970000
113.132480 14.340000
127.148130 15.630000
129.163780 11.590000
142.159030 40.010000
211.242030 7.990000
310.346830 15.680000
380.425080 10.180000
382.440730 8.500000
408.456380 7.280000
