low
43.054230 8.010000
57.069880 5.130000
71.085530 10.080000
73.101180 11.180000
99.116830 4.220000
101.132480 3.380000
436.487680 3.150000
450.503330 3.130000
464.518980 4.750000
522.597230 100.000000
med
43.054230 44.460000
55.054230 24.360000
57.069880 99.810000
71.085530 77.270000
73.101180 87.100000
83.085530 19.410000
85.101180 16.960000
99.116830 20.130000
101.132480 16.970000
113.132480 19.870000
155.179430 12.970000
169.195080 13.230000
197.226380 23.800000
211.242030 23.400000
324.362480 18.300000
352.393780 13.900000
408.456380 18.550000
436.487680 25.860000
450.503330 30.860000
452.518980 13.910000
464.518980 46.770000
478.534630 19.870000
506.565930 14.200000
522.597230 100.000000
high
43.054230 72.800000
45.069880 23.780000
55.054230 15.820000
57.069880 44.450000
71.085530 34.050000
83.085530 78.480000
85.101180 23.480000
99.116830 25.450000
127.148130 21.860000
129.163780 16.010000
143.179430 34.860000
213.257680 19.930000
296.331180 47.670000
310.346830 16.210000
312.362480 73.150000
324.362480 21.530000
326.378130 100.000000
338.378130 23.320000
340.393780 88.010000
352.393780 20.840000
354.409430 25.790000
366.409430 20.420000
368.425080 30.270000
382.440730 35.950000
