low
43.054230 7.660000
57.069880 14.810000
71.085530 11.850000
85.101180 4.120000
99.116830 4.700000
113.132480 13.680000
115.148130 3.090000
436.487680 3.110000
522.597230 100.000000
med
43.054230 41.860000
57.069880 100.000000
69.069880 23.010000
71.085530 91.190000
73.101180 14.580000
83.085530 43.360000
85.101180 42.580000
87.116830 14.680000
99.116830 22.520000
101.132480 15.080000
113.132480 15.450000
115.148130 18.960000
127.148130 50.080000
408.456380 19.340000
436.487680 14.760000
522.597230 30.350000
high
41.038580 15.250000
43.054230 100.000000
45.069880 15.340000
57.069880 49.760000
59.085530 63.760000
71.085530 12.990000
83.085530 23.530000
99.116830 16.830000
101.132480 12.780000
113.132480 18.650000
125.132480 22.650000
127.148130 76.210000
129.163780 50.230000
270.315530 16.520000
284.331180 17.500000
298.346830 15.710000
394.440730 67.420000
408.456380 40.150000
410.472030 66.020000
422.472030 27.530000
424.487680 16.410000
436.487680 16.720000
