low
43.054230 17.280000
57.069880 12.920000
71.085530 10.610000
114.127730 18.770000
116.143380 7.070000
212.237280 6.480000
225.257680 12.080000
226.252930 8.360000
242.284230 5.920000
282.315530 6.460000
298.346830 100.000000
394.440730 8.560000
436.487680 6.830000
438.503330 6.400000
450.503330 5.990000
452.518980 6.270000
522.597230 68.760000
med
41.038580 19.140000
43.054230 100.000000
55.054230 44.130000
57.069880 73.550000
59.085530 22.920000
71.085530 31.970000
72.080780 74.550000
73.101180 31.250000
85.101180 18.110000
99.116830 31.440000
114.127730 57.810000
212.237280 50.880000
225.257680 18.800000
226.252930 36.190000
298.346830 38.570000
340.393780 23.050000
354.409430 18.440000
394.440730 29.510000
408.456380 20.570000
436.487680 41.920000
438.503330 56.240000
450.503330 27.500000
452.518980 28.720000
478.534630 22.710000
480.550280 17.870000
522.597230 27.830000
high
29.038580 18.360000
41.038580 13.590000
43.054230 86.400000
45.069880 26.240000
55.054230 14.210000
57.069880 39.950000
71.085530 13.370000
72.080780 100.000000
73.101180 13.590000
74.096430 16.010000
101.132480 11.040000
113.132480 11.530000
114.127730 87.560000
127.148130 25.080000
129.163780 9.890000
141.163780 12.820000
212.237280 23.950000
225.257680 13.120000
227.273330 10.440000
282.315530 17.130000
394.440730 9.510000
