low
43.054230 14.290000
57.069880 19.960000
59.085530 3.120000
71.085530 11.310000
73.101180 3.360000
85.101180 5.860000
87.116830 4.640000
99.116830 6.340000
239.273330 3.850000
436.487680 3.260000
522.597230 100.000000
med
41.038580 32.560000
43.054230 96.600000
55.054230 24.140000
57.069880 100.000000
59.085530 36.650000
71.085530 35.110000
73.101180 28.750000
85.101180 17.660000
99.116830 18.100000
101.132480 14.290000
127.148130 17.040000
197.226380 14.440000
296.331180 11.660000
324.362480 40.210000
422.472030 10.870000
436.487680 22.910000
450.503330 22.830000
464.518980 33.790000
478.534630 15.820000
522.597230 72.870000
high
29.038580 12.510000
41.038580 15.890000
43.054230 100.000000
45.069880 17.950000
55.054230 8.650000
57.069880 42.810000
59.085530 7.200000
71.085530 9.390000
99.116830 6.790000
113.132480 12.890000
115.148130 11.040000
127.148130 7.560000
171.210730 5.630000
312.362480 7.170000
324.362480 12.300000
326.378130 13.470000
338.378130 12.090000
340.393780 10.160000
366.409430 8.630000
368.425080 6.750000
380.425080 7.360000
