low
43.054230 8.680000
57.069880 27.140000
59.085530 4.520000
71.085530 4.510000
85.101180 5.560000
522.597230 100.000000
med
41.038580 46.550000
43.054230 93.950000
57.069880 98.010000
59.085530 69.730000
85.101180 16.500000
127.148130 13.050000
141.163780 30.880000
155.179430 15.740000
183.210730 16.740000
197.226380 30.260000
338.378130 14.030000
366.409430 15.660000
422.472030 19.490000
436.487680 19.120000
450.503330 31.140000
464.518980 45.540000
478.534630 19.540000
522.597230 100.000000
high
29.038580 10.990000
41.038580 19.440000
43.054230 100.000000
45.069880 25.380000
57.069880 49.760000
59.085530 25.950000
113.132480 16.010000
127.148130 11.950000
197.226380 34.200000
326.378130 16.940000
338.378130 7.040000
340.393780 17.940000
352.393780 10.810000
354.409430 16.110000
366.409430 7.720000
368.425080 12.670000
380.425080 8.330000
382.440730 9.830000
408.456380 11.740000
