low
43.054230 7.940000
57.069880 3.800000
59.085530 3.150000
71.085530 5.250000
83.085530 4.570000
85.101180 7.250000
141.163780 15.900000
382.440730 18.180000
424.487680 3.020000
522.597230 100.000000
med
43.054230 19.590000
85.101180 17.120000
101.132480 7.740000
127.148130 34.910000
129.163780 19.590000
141.163780 18.650000
183.210730 18.980000
338.378130 13.680000
352.393780 26.930000
354.409430 25.440000
366.409430 22.060000
380.425080 35.990000
382.440730 100.000000
396.456380 12.520000
422.472030 14.370000
424.487680 14.290000
436.487680 9.030000
438.503330 23.810000
450.503330 12.550000
452.518980 9.050000
478.534630 12.370000
522.597230 27.630000
high
29.038580 18.530000
43.054230 100.000000
45.069880 70.260000
57.069880 41.640000
59.085530 36.450000
71.085530 32.970000
73.101180 22.020000
83.085530 17.270000
85.101180 34.290000
87.116830 14.810000
99.116830 29.200000
101.132480 40.770000
113.132480 28.030000
127.148130 26.940000
129.163780 28.050000
141.163780 22.670000
155.179430 18.070000
183.210730 22.600000
254.284230 17.810000
310.346830 15.710000
338.378130 14.190000
368.425080 14.950000
380.425080 52.930000
382.440730 31.510000
394.440730 21.340000
408.456380 14.130000
422.472030 14.310000
436.487680 17.130000
