low
43.054230 11.940000
57.069880 39.430000
71.085530 19.180000
85.101180 6.940000
141.163780 10.420000
197.226380 17.720000
326.378130 67.810000
464.518980 10.450000
478.534630 8.250000
522.597230 100.000000
med
41.038580 32.630000
43.054230 100.000000
45.069880 24.180000
57.069880 50.560000
59.085530 30.680000
85.101180 31.750000
128.143380 40.660000
130.159030 21.780000
141.163780 49.710000
170.190330 37.210000
197.226380 99.950000
198.221630 25.300000
326.378130 46.220000
382.440730 35.450000
394.440730 28.570000
396.456380 63.880000
422.472030 43.730000
424.487680 48.430000
436.487680 24.110000
438.503330 24.490000
464.518980 89.860000
478.534630 45.850000
522.597230 31.410000
high
29.038580 30.810000
41.038580 53.300000
43.054230 97.860000
45.069880 44.100000
57.069880 66.760000
99.116830 17.390000
101.132480 18.040000
113.132480 46.090000
115.148130 21.940000
127.148130 18.380000
128.143380 45.160000
129.163780 20.230000
141.163780 46.150000
143.179430 19.730000
170.190330 100.000000
197.226380 37.040000
324.362480 39.630000
380.425080 17.260000
382.440730 20.220000
