low
85.101180 4.830000
87.116830 2.890000
99.116830 3.810000
141.163780 4.070000
155.179430 2.820000
380.425080 2.980000
464.518980 3.210000
522.597230 100.000000
med
57.069880 24.940000
71.085530 60.680000
73.101180 15.610000
85.101180 24.480000
87.116830 15.310000
99.116830 26.770000
101.132480 35.110000
115.148130 26.170000
127.148130 35.530000
129.163780 27.920000
141.163780 56.380000
143.179430 14.910000
155.179430 20.320000
197.226380 15.170000
380.425080 46.980000
394.440730 34.170000
396.456380 15.060000
408.456380 34.170000
410.472030 19.590000
436.487680 24.320000
464.518980 35.940000
522.597230 100.000000
high
43.054230 54.040000
57.069880 36.330000
71.085530 94.890000
73.101180 22.920000
87.116830 31.260000
127.148130 41.720000
129.163780 32.970000
139.148130 29.940000
143.179430 23.510000
155.179430 31.410000
326.378130 39.310000
340.393780 53.740000
354.409430 45.290000
366.409430 34.820000
368.425080 100.000000
380.425080 45.440000
382.440730 98.250000
394.440730 72.170000
396.456380 84.750000
408.456380 33.530000
410.472030 41.770000
422.472030 23.290000
