low
43.054230 19.970000
57.069880 13.570000
71.085530 22.040000
73.101180 5.740000
85.101180 12.620000
87.116830 10.780000
127.148130 7.290000
396.456380 54.920000
450.503330 7.110000
452.518980 17.550000
522.597230 100.000000
med
43.054230 100.000000
57.069880 94.490000
71.085530 63.620000
73.101180 33.830000
83.085530 28.420000
85.101180 98.810000
87.116830 27.120000
127.148130 41.830000
129.163780 30.100000
156.174680 64.750000
268.299880 66.840000
270.315530 29.940000
284.331180 29.380000
310.346830 70.450000
312.362480 20.890000
396.456380 75.990000
450.503330 26.990000
452.518980 93.690000
464.518980 49.510000
466.534630 31.250000
522.597230 40.050000
high
43.054230 100.000000
45.069880 29.930000
55.054230 13.460000
57.069880 64.540000
59.085530 39.070000
71.085530 35.370000
73.101180 21.040000
87.116830 33.040000
101.132480 17.950000
113.132480 25.790000
127.148130 26.000000
129.163780 15.500000
142.159030 33.460000
268.299880 61.070000
310.346830 47.090000
380.425080 34.760000
