low
186.221630 9.150000
352.393780 6.270000
354.409430 41.700000
522.597230 100.000000
med
57.069880 15.650000
127.148130 68.230000
129.163780 16.060000
186.221630 41.930000
226.252930 100.000000
354.409430 53.570000
394.440730 15.940000
396.456380 62.150000
410.472030 33.780000
422.472030 20.430000
424.487680 47.050000
450.503330 21.580000
452.518980 19.970000
464.518980 24.600000
522.597230 28.280000
high
43.054230 100.000000
57.069880 88.750000
71.085530 52.750000
127.148130 47.580000
129.163780 12.010000
169.195080 25.960000
171.210730 11.620000
226.252930 77.670000
396.456380 26.920000
436.487680 13.600000
450.503330 20.670000
