low
43.054230 14.940000
57.069880 21.590000
59.085530 3.240000
71.085530 11.320000
73.101180 3.400000
85.101180 5.900000
87.116830 4.690000
225.257680 7.850000
436.487680 3.300000
466.534630 7.730000
522.597230 100.000000
med
41.038580 35.040000
43.054230 100.000000
55.054230 15.410000
57.069880 94.060000
59.085530 38.580000
71.085530 32.210000
73.101180 28.790000
85.101180 17.670000
183.210730 14.570000
211.242030 16.520000
225.257680 22.290000
310.346830 25.810000
312.362480 12.480000
326.378130 13.840000
338.378130 11.710000
436.487680 23.000000
450.503330 22.920000
464.518980 39.410000
466.534630 19.070000
478.534630 22.230000
522.597230 72.690000
high
29.038580 11.920000
41.038580 15.570000
43.054230 100.000000
45.069880 17.070000
57.069880 37.160000
59.085530 8.130000
71.085530 7.390000
113.132480 9.610000
141.163780 6.790000
156.174680 69.250000
185.226380 7.660000
197.226380 6.100000
225.257680 9.660000
296.331180 8.000000
298.346830 13.160000
312.362480 8.260000
324.362480 16.250000
326.378130 15.940000
394.440730 6.990000
466.534630 15.490000
478.534630 11.070000
