low
43.054230 7.600000
57.069880 4.790000
59.085530 2.890000
71.085530 4.870000
183.210730 2.950000
522.597230 100.000000
med
43.054230 41.410000
57.069880 21.350000
73.101180 14.720000
85.101180 16.470000
101.132480 15.550000
115.148130 14.220000
127.148130 29.390000
129.163780 35.040000
141.163780 34.370000
143.179430 22.350000
169.195080 15.360000
183.210730 18.630000
380.425080 36.950000
394.440730 25.830000
408.456380 14.630000
436.487680 19.510000
450.503330 20.810000
464.518980 21.750000
478.534630 22.930000
522.597230 100.000000
high
29.038580 32.010000
43.054230 95.050000
45.069880 100.000000
57.069880 84.540000
101.132480 22.500000
113.132480 43.720000
115.148130 27.270000
127.148130 19.800000
129.163780 18.990000
340.393780 32.880000
354.409430 34.830000
366.409430 20.980000
368.425080 31.270000
380.425080 46.120000
382.440730 42.340000
394.440730 34.380000
396.456380 62.350000
408.456380 19.090000
410.472030 32.580000
