low
43.054230 12.790000
71.085530 18.930000
85.101180 18.580000
99.116830 28.030000
101.132480 12.350000
125.132480 43.420000
127.148130 25.890000
128.143380 17.110000
141.163780 18.200000
144.174680 14.740000
155.179430 15.850000
324.362480 33.940000
352.393780 37.650000
365.414180 12.570000
366.409430 13.650000
380.425080 15.400000
391.429830 11.610000
408.456380 22.020000
436.487680 12.300000
449.508080 47.080000
450.503330 25.930000
463.523730 16.650000
464.518980 52.110000
466.534630 15.760000
480.550280 13.910000
492.550280 17.600000
494.565930 14.500000
505.570680 52.880000
506.565930 28.610000
522.597230 100.000000
med
43.054230 20.850000
57.069880 28.940000
60.080780 21.890000
71.085530 33.810000
83.085530 29.410000
85.101180 100.000000
97.101180 15.360000
99.116830 62.960000
101.132480 71.480000
115.148130 15.030000
125.132480 17.830000
143.179430 15.140000
226.252930 62.590000
228.268580 53.490000
267.304630 69.760000
269.320280 44.410000
310.346830 55.200000
323.367230 53.030000
324.362480 30.490000
338.378130 32.790000
340.393780 13.660000
352.393780 41.390000
365.414180 23.920000
366.409430 17.210000
368.425080 19.560000
379.429830 14.840000
410.472030 18.050000
450.503330 32.290000
464.518980 24.670000
466.534630 15.410000
478.534630 26.680000
high
41.038580 6.220000
43.054230 23.100000
55.054230 17.270000
57.069880 100.000000
59.085530 5.590000
69.069880 14.260000
71.085530 19.350000
83.085530 23.110000
85.101180 23.420000
97.101180 9.650000
99.116830 39.070000
101.132480 12.930000
139.148130 7.050000
141.163780 4.780000
169.195080 15.630000
267.304630 10.190000
268.299880 7.580000
324.362480 5.420000
394.440730 5.890000
