low
43.054230 19.460000
57.069880 29.800000
71.085530 17.060000
73.101180 5.130000
85.101180 8.880000
87.116830 7.070000
522.597230 100.000000
med
41.038580 39.040000
43.054230 100.000000
55.054230 17.170000
57.069880 90.770000
59.085530 40.340000
71.085530 35.470000
73.101180 31.430000
85.101180 19.420000
87.116830 8.570000
183.210730 9.420000
338.378130 9.870000
436.487680 11.910000
450.503330 18.990000
464.518980 23.230000
478.534630 11.250000
522.597230 51.990000
high
29.038580 8.340000
41.038580 16.350000
43.054230 100.000000
45.069880 11.940000
57.069880 32.120000
59.085530 19.490000
71.085530 7.750000
97.101180 10.490000
113.132480 6.720000
141.163780 4.750000
142.159030 9.610000
298.346830 6.430000
312.362480 6.810000
324.362480 6.500000
326.378130 16.940000
338.378130 6.110000
340.393780 7.230000
352.393780 5.800000
354.409430 15.620000
382.440730 4.720000
438.503330 9.490000
452.518980 5.600000
