low
43.054230 5.630000
57.069880 26.920000
59.085530 4.480000
71.085530 4.480000
85.101180 5.500000
522.597230 100.000000
med
41.038580 46.300000
43.054230 74.870000
45.069880 14.810000
57.069880 100.000000
59.085530 69.090000
85.101180 16.340000
127.148130 19.390000
141.163780 45.890000
155.179430 23.390000
197.226380 14.990000
380.425080 51.080000
394.440730 31.610000
396.456380 13.450000
408.456380 27.650000
436.487680 18.730000
464.518980 35.880000
522.597230 97.870000
high
29.038580 17.650000
41.038580 20.810000
43.054230 100.000000
45.069880 25.240000
57.069880 53.210000
59.085530 55.500000
113.132480 17.130000
127.148130 19.170000
197.226380 18.300000
366.409430 10.890000
368.425080 37.310000
380.425080 21.330000
382.440730 14.130000
394.440730 21.120000
396.456380 51.610000
410.472030 11.810000
