low
43.054230 19.740000
57.069880 29.550000
71.085530 26.920000
72.080780 14.770000
85.101180 16.490000
86.096430 10.360000
88.112080 21.440000
99.116830 14.490000
100.112080 9.460000
114.127730 22.410000
127.148130 13.020000
197.226380 30.370000
309.351580 16.880000
352.393780 31.360000
407.461130 45.200000
435.492430 100.000000
480.550280 35.330000
505.570680 32.110000
522.597230 99.260000
med
41.038580 17.340000
43.054230 58.870000
57.069880 60.730000
59.085530 33.120000
71.085530 100.000000
72.080780 14.890000
85.101180 24.510000
88.112080 23.080000
97.101180 68.220000
99.116830 56.600000
101.132480 48.650000
127.148130 18.410000
141.163780 15.520000
237.257680 12.610000
307.335930 32.200000
309.351580 59.090000
324.362480 15.730000
326.378130 17.530000
396.456380 17.930000
407.461130 28.640000
435.492430 34.150000
450.503330 13.770000
463.523730 18.220000
464.518980 23.660000
478.534630 33.000000
480.550280 29.920000
505.570680 63.890000
522.597230 30.730000
high
29.038580 10.520000
41.038580 10.570000
43.054230 100.000000
45.069880 15.040000
57.069880 45.210000
59.085530 10.970000
71.085530 32.400000
72.080780 14.060000
85.101180 13.560000
99.116830 10.670000
101.132480 9.120000
113.132480 15.420000
115.148130 8.260000
127.148130 12.800000
141.163780 12.420000
143.179430 13.550000
157.195080 8.590000
199.242030 12.460000
237.257680 23.730000
279.304630 13.100000
282.315530 11.290000
307.335930 25.660000
309.351580 22.830000
352.393780 8.800000
394.440730 10.930000
396.456380 14.390000
