low
127.148130 7.750000
183.210730 8.550000
198.221630 7.860000
212.237280 4.910000
310.346830 5.830000
340.393780 91.790000
396.456380 11.550000
478.534630 5.090000
492.550280 5.530000
522.597230 100.000000
med
57.069880 50.160000
85.101180 82.530000
97.101180 56.450000
101.132480 27.050000
113.132480 68.570000
115.148130 63.590000
127.148130 96.870000
129.163780 73.320000
141.163780 73.450000
183.210730 23.660000
198.221630 60.950000
340.393780 77.940000
380.425080 77.830000
382.440730 22.590000
394.440730 82.980000
396.456380 100.000000
408.456380 48.310000
410.472030 78.770000
438.503330 23.660000
478.534630 29.620000
480.550280 24.640000
522.597230 28.790000
high
43.054230 33.420000
57.069880 60.080000
99.116830 10.750000
101.132480 24.010000
113.132480 41.650000
127.148130 50.950000
129.163780 20.760000
143.179430 11.570000
198.221630 100.000000
200.237280 13.000000
338.378130 18.200000
394.440730 9.930000
396.456380 22.760000
