low
57.069880 4.560000
99.116830 3.250000
101.132480 2.800000
141.163780 4.040000
155.179430 3.190000
197.226380 7.420000
326.378130 14.860000
368.425080 5.090000
380.425080 3.470000
464.518980 3.440000
522.597230 100.000000
med
43.054230 20.330000
57.069880 100.000000
71.085530 21.300000
85.101180 17.790000
99.116830 15.550000
101.132480 24.610000
113.132480 22.170000
141.163780 28.080000
155.179430 29.740000
326.378130 71.190000
366.409430 25.640000
368.425080 13.920000
380.425080 41.280000
382.440730 35.090000
394.440730 46.730000
396.456380 26.760000
408.456380 21.930000
436.487680 12.980000
464.518980 24.120000
522.597230 27.490000
high
43.054230 49.350000
57.069880 80.970000
59.085530 31.560000
71.085530 49.630000
73.101180 39.160000
101.132480 21.620000
113.132480 63.660000
115.148130 22.300000
127.148130 100.000000
129.163780 41.850000
141.163780 52.030000
155.179430 29.060000
324.362480 23.670000
326.378130 21.960000
366.409430 38.000000
368.425080 80.800000
380.425080 25.490000
382.440730 46.810000
394.440730 25.460000
396.456380 33.080000
