low
41.038580 1.630000
43.054230 7.970000
55.054230 1.910000
57.069880 13.140000
59.085530 1.680000
71.085530 8.750000
73.101180 1.790000
74.096430 3.010000
83.085530 5.090000
85.101180 3.050000
86.096430 2.540000
87.116830 2.190000
88.112080 2.690000
97.101180 3.120000
99.116830 3.430000
100.112080 2.860000
102.127730 2.890000
125.132480 2.570000
139.148130 2.300000
141.163780 1.680000
394.440730 1.920000
408.456380 1.890000
422.472030 1.650000
436.487680 1.760000
450.503330 1.570000
477.539380 1.950000
505.570680 42.650000
522.597230 100.000000
med
41.038580 18.350000
43.054230 56.250000
44.049480 16.560000
46.065130 10.850000
55.054230 28.030000
57.069880 100.000000
58.065130 13.660000
59.085530 20.210000
69.069880 8.850000
71.085530 80.090000
73.101180 15.750000
74.096430 27.680000
83.085530 16.900000
85.101180 9.630000
86.096430 9.330000
88.112080 8.210000
97.101180 7.950000
99.116830 10.080000
101.132480 7.750000
102.127730 13.920000
127.148130 10.010000
141.163780 23.000000
380.425080 7.900000
435.492430 10.200000
436.487680 12.760000
450.503330 12.710000
463.523730 12.200000
464.518980 18.820000
478.534630 8.810000
505.570680 36.370000
522.597230 77.900000
high
29.038580 11.520000
41.038580 14.630000
43.054230 100.000000
44.049480 8.180000
45.069880 16.560000
46.065130 4.140000
55.054230 28.880000
57.069880 76.430000
58.065130 9.180000
59.085530 6.680000
69.069880 4.590000
71.085530 42.090000
83.085530 17.500000
86.096430 5.390000
97.101180 6.860000
99.116830 6.260000
102.127730 5.650000
127.148130 4.910000
141.163780 10.650000
143.179430 7.240000
144.174680 9.520000
156.174680 5.900000
240.268580 4.080000
254.284230 4.080000
296.331180 4.080000
310.346830 4.080000
324.362480 4.080000
365.414180 4.980000
367.429830 5.430000
380.425080 5.670000
394.440730 4.490000
