low
43.054230 15.500000
57.069880 21.450000
71.085530 11.560000
73.101180 3.470000
85.101180 5.980000
87.116830 4.790000
99.116830 6.610000
113.132480 4.340000
115.148130 3.390000
239.273330 4.210000
408.456380 3.350000
436.487680 3.390000
491.555030 13.450000
522.597230 100.000000
med
41.038580 31.030000
43.054230 88.110000
55.054230 13.650000
57.069880 100.000000
59.085530 31.540000
71.085530 27.850000
73.101180 24.450000
85.101180 14.920000
99.116830 15.820000
101.132480 12.850000
113.132480 19.740000
115.148130 17.360000
127.148130 32.900000
141.163780 19.460000
225.257680 12.350000
239.273330 14.660000
282.315530 13.210000
436.487680 20.020000
450.503330 19.950000
464.518980 29.530000
478.534630 13.830000
491.555030 17.400000
522.597230 59.500000
high
29.038580 11.920000
41.038580 15.570000
43.054230 100.000000
45.069880 17.070000
57.069880 56.170000
71.085530 7.400000
113.132480 18.070000
115.148130 14.340000
127.148130 13.910000
282.315530 14.510000
284.331180 14.800000
310.346830 12.910000
312.362480 11.020000
324.362480 15.870000
326.378130 21.000000
338.378130 9.580000
352.393780 15.410000
354.409430 10.930000
