low
43.054230 18.700000
57.069880 31.890000
71.085530 16.150000
85.101180 9.730000
87.116830 8.160000
99.116830 9.970000
113.132480 8.000000
522.597230 100.000000
med
41.038580 33.770000
43.054230 91.350000
57.069880 100.000000
59.085530 33.380000
71.085530 22.090000
73.101180 25.510000
85.101180 20.080000
99.116830 16.930000
113.132480 26.600000
115.148130 27.460000
127.148130 18.200000
408.456380 25.860000
436.487680 17.770000
522.597230 39.790000
high
41.038580 16.460000
43.054230 100.000000
57.069880 45.800000
59.085530 34.420000
99.116830 6.830000
113.132480 21.670000
115.148130 12.990000
125.132480 8.880000
127.148130 9.230000
129.163780 11.110000
270.315530 6.470000
284.331180 6.850000
298.346830 6.150000
394.440730 8.510000
408.456380 9.190000
410.472030 13.690000
424.487680 9.410000
436.487680 6.980000
