low
43.054230 8.040000
57.069880 9.720000
59.085530 2.240000
60.080780 2.880000
71.085530 11.230000
72.080780 3.650000
73.101180 3.130000
74.096430 2.710000
83.085530 2.270000
85.101180 10.930000
87.116830 2.630000
99.116830 5.760000
101.132480 2.450000
113.132480 2.900000
130.159030 1.940000
380.425080 2.930000
394.440730 5.630000
408.456380 2.560000
436.487680 2.410000
449.508080 4.060000
464.518980 4.470000
466.534630 2.430000
505.570680 12.260000
522.597230 100.000000
med
41.038580 14.280000
43.054230 23.170000
55.054230 38.020000
57.069880 100.000000
58.065130 6.970000
59.085530 5.600000
60.080780 19.260000
69.069880 6.300000
71.085530 58.840000
73.101180 15.090000
74.096430 6.780000
83.085530 12.870000
85.101180 32.750000
87.116830 5.370000
99.116830 10.690000
101.132480 7.260000
113.132480 10.170000
130.159030 8.450000
155.179430 10.720000
380.425080 9.540000
408.456380 7.510000
422.472030 6.590000
436.487680 13.770000
449.508080 7.760000
450.503330 7.010000
463.523730 5.920000
464.518980 13.910000
478.534630 5.410000
505.570680 38.270000
506.565930 6.180000
522.597230 43.900000
high
41.038580 28.120000
43.054230 89.660000
44.049480 11.530000
45.069880 8.740000
46.065130 7.020000
55.054230 41.380000
57.069880 100.000000
59.085530 4.760000
69.069880 19.040000
71.085530 52.570000
74.096430 4.820000
83.085530 22.070000
85.101180 22.180000
87.116830 4.470000
97.101180 14.460000
113.132480 7.420000
130.159030 6.950000
142.159030 8.250000
143.179430 5.350000
155.179430 5.580000
170.190330 4.450000
184.205980 4.450000
198.221630 4.450000
212.237280 4.450000
240.268580 4.450000
352.393780 4.870000
366.409430 6.870000
368.425080 4.720000
380.425080 5.890000
382.440730 5.250000
408.456380 5.390000
