low
41.038580 1.410000
43.054230 6.960000
55.054230 1.470000
57.069880 11.210000
58.065130 1.320000
59.085530 1.550000
71.085530 7.280000
73.101180 1.670000
74.096430 1.750000
85.101180 2.920000
87.116830 2.060000
88.112080 1.210000
99.116830 3.140000
100.112080 4.310000
101.132480 1.220000
102.127730 3.360000
113.132480 1.310000
114.127730 2.390000
129.163780 1.290000
141.163780 1.540000
394.440730 1.760000
408.456380 1.730000
422.472030 1.510000
436.487680 1.610000
450.503330 1.430000
477.539380 3.170000
522.597230 100.000000
med
41.038580 20.770000
43.054230 60.710000
55.054230 20.660000
57.069880 100.000000
58.065130 64.950000
59.085530 23.120000
60.080780 12.620000
71.085530 68.700000
72.080780 27.090000
73.101180 18.070000
74.096430 40.270000
85.101180 11.070000
86.096430 20.740000
88.112080 14.080000
99.116830 11.480000
100.112080 11.700000
101.132480 8.940000
102.127730 32.690000
114.127730 9.920000
127.148130 11.540000
128.143380 9.170000
141.163780 26.180000
380.425080 8.990000
394.440730 8.730000
435.492430 20.670000
436.487680 14.530000
450.503330 14.480000
464.518980 21.420000
477.539380 23.350000
478.534630 10.030000
522.597230 90.440000
high
29.038580 12.780000
41.038580 16.240000
43.054230 100.000000
45.069880 18.380000
55.054230 30.580000
57.069880 91.130000
58.065130 46.950000
59.085530 7.410000
60.080780 16.740000
71.085530 42.730000
72.080780 6.130000
83.085530 18.610000
99.116830 6.940000
127.148130 5.450000
141.163780 11.820000
143.179430 8.040000
144.174680 5.760000
184.205980 4.530000
198.221630 4.530000
212.237280 4.530000
226.252930 4.530000
240.268580 4.530000
254.284230 4.530000
268.299880 4.530000
282.315530 4.530000
310.346830 4.530000
324.362480 4.530000
338.378130 4.530000
366.409430 4.530000
380.425080 6.300000
394.440730 4.990000
