low
43.054230 18.870000
57.069880 24.250000
58.065130 3.480000
59.085530 3.570000
71.085530 12.990000
73.101180 3.790000
85.101180 6.890000
87.116830 7.170000
99.116830 6.890000
101.132480 3.190000
113.132480 5.300000
127.148130 6.610000
141.163780 3.570000
279.304630 3.840000
296.331180 3.390000
321.351580 4.250000
335.367230 4.130000
394.440730 4.920000
436.487680 3.780000
450.503330 3.360000
505.570680 48.170000
522.597230 100.000000
med
41.038580 15.580000
43.054230 67.250000
57.069880 59.480000
59.085530 18.480000
60.080780 20.330000
71.085530 18.550000
73.101180 13.570000
85.101180 10.890000
87.116830 11.140000
99.116830 10.680000
113.132480 9.340000
115.148130 9.520000
127.148130 22.850000
141.163780 14.420000
183.210730 10.280000
211.242030 9.200000
279.304630 19.650000
281.320280 11.720000
296.331180 9.350000
298.346830 9.460000
309.351580 9.560000
321.351580 23.180000
323.367230 9.050000
433.476780 20.140000
436.487680 12.520000
450.503330 12.480000
463.523730 19.140000
464.518980 18.470000
478.534630 8.650000
505.570680 100.000000
522.597230 26.670000
high
29.038580 12.610000
41.038580 14.860000
43.054230 100.000000
45.069880 18.020000
57.069880 45.540000
87.116830 14.840000
113.132480 26.490000
115.148130 16.480000
127.148130 9.660000
129.163780 13.260000
141.163780 12.230000
281.320280 25.580000
295.335930 16.950000
296.331180 54.610000
298.346830 48.800000
307.335930 36.630000
309.351580 26.750000
310.346830 27.920000
312.362480 25.190000
321.351580 18.090000
323.367230 18.180000
324.362480 10.770000
352.393780 11.000000
