low
43.054230 16.660000
57.069880 22.300000
71.085530 13.760000
73.101180 3.570000
85.101180 6.590000
87.116830 4.920000
99.116830 6.830000
253.288980 11.920000
270.315530 21.340000
310.346830 4.310000
408.456380 4.680000
422.472030 6.050000
522.597230 100.000000
med
41.038580 31.840000
43.054230 100.000000
57.069880 98.650000
59.085530 33.870000
71.085530 41.720000
73.101180 22.970000
85.101180 18.220000
99.116830 15.850000
115.148130 25.710000
127.148130 22.690000
211.242030 12.550000
253.288980 38.080000
268.299880 15.520000
270.315530 86.650000
310.346830 66.260000
312.362480 14.830000
324.362480 14.730000
382.440730 13.200000
408.456380 35.340000
410.472030 15.250000
422.472030 18.120000
436.487680 13.770000
450.503330 15.620000
464.518980 21.210000
522.597230 50.230000
high
29.038580 11.880000
41.038580 15.410000
43.054230 100.000000
45.069880 19.330000
57.069880 52.820000
59.085530 10.750000
71.085530 16.970000
99.116830 6.450000
115.148130 12.260000
127.148130 7.300000
129.163780 10.060000
197.226380 5.700000
211.242030 8.610000
213.257680 7.120000
253.288980 11.930000
310.346830 6.050000
312.362480 6.880000
324.362480 5.500000
326.378130 6.210000
340.393780 5.620000
352.393780 6.790000
354.409430 6.210000
366.409430 8.520000
368.425080 6.230000
408.456380 7.750000
