low
43.054230 11.760000
57.069880 10.320000
69.069880 10.030000
71.085530 7.610000
111.116830 7.940000
141.163780 5.450000
183.210730 31.430000
340.393780 12.000000
366.409430 7.090000
522.597230 100.000000
med
43.054230 67.240000
57.069880 25.390000
69.069880 20.340000
111.116830 22.730000
115.148130 40.700000
127.148130 57.620000
129.163780 45.210000
141.163780 66.440000
183.210730 35.890000
338.378130 29.040000
340.393780 27.560000
366.409430 100.000000
368.425080 52.160000
380.425080 26.050000
394.440730 26.100000
396.456380 41.160000
410.472030 30.140000
464.518980 48.880000
478.534630 21.710000
522.597230 45.530000
high
29.038580 16.480000
43.054230 85.460000
45.069880 28.700000
57.069880 32.610000
99.116830 20.410000
101.132480 32.140000
113.132480 68.330000
115.148130 36.240000
141.163780 45.020000
252.268580 100.000000
324.362480 28.490000
338.378130 68.650000
352.393780 41.240000
366.409430 61.770000
382.440730 49.550000
