low
43.054230 20.210000
57.069880 25.340000
71.085530 19.360000
85.101180 10.310000
87.116830 10.830000
99.116830 10.910000
113.132480 9.740000
139.148130 10.300000
393.445480 53.260000
522.597230 100.000000
med
41.038580 18.520000
43.054230 84.990000
57.069880 100.000000
59.085530 43.980000
71.085530 38.200000
72.080780 24.160000
73.101180 27.390000
85.101180 25.710000
87.116830 21.470000
99.116830 17.650000
113.132480 88.240000
115.148130 28.630000
127.148130 33.900000
130.159030 41.570000
393.445480 77.110000
394.440730 15.070000
436.487680 17.860000
450.503330 14.190000
464.518980 16.470000
522.597230 31.860000
high
41.038580 13.500000
43.054230 100.000000
45.069880 18.690000
57.069880 91.800000
59.085530 71.260000
71.085530 38.670000
73.101180 12.760000
87.116830 20.300000
101.132480 11.440000
113.132480 48.290000
115.148130 17.690000
129.163780 12.370000
130.159030 49.280000
139.148130 39.000000
393.445480 25.870000
394.440730 36.230000
410.472030 22.660000
436.487680 12.140000
