low
43.054230 17.910000
57.069880 23.160000
59.085530 3.470000
71.085530 13.180000
72.080780 6.840000
73.101180 3.690000
83.085530 3.280000
85.101180 6.760000
87.116830 6.950000
99.116830 7.120000
101.132480 2.920000
113.132480 5.720000
115.148130 2.920000
128.143380 4.610000
142.159030 3.930000
268.299880 2.870000
379.429830 3.790000
408.456380 5.790000
436.487680 3.790000
505.570680 27.570000
522.597230 100.000000
med
41.038580 17.430000
43.054230 71.690000
57.069880 100.000000
59.085530 21.330000
71.085530 60.550000
73.101180 15.690000
83.085530 16.450000
85.101180 12.530000
87.116830 12.610000
97.101180 12.830000
99.116830 11.200000
113.132480 17.600000
115.148130 18.170000
125.132480 11.900000
127.148130 16.130000
130.159030 9.130000
141.163780 11.850000
142.159030 16.000000
144.174680 13.900000
253.288980 24.130000
268.299880 9.400000
379.429830 11.990000
408.456380 29.100000
410.472030 12.230000
422.472030 8.630000
436.487680 11.310000
450.503330 14.110000
464.518980 19.180000
478.534630 9.010000
505.570680 25.050000
522.597230 32.170000
high
29.038580 12.840000
41.038580 15.130000
43.054230 100.000000
45.069880 18.340000
57.069880 57.020000
59.085530 42.970000
71.085530 11.460000
83.085530 7.420000
87.116830 15.110000
113.132480 22.060000
115.148130 13.220000
141.163780 7.250000
144.174680 9.320000
268.299880 26.970000
270.315530 35.850000
282.315530 9.020000
284.331180 18.580000
296.331180 15.030000
298.346830 13.660000
310.346830 10.730000
312.362480 10.380000
379.429830 35.300000
395.461130 12.920000
408.456380 30.390000
410.472030 25.650000
422.472030 9.890000
424.487680 10.710000
438.503330 9.030000
