low
43.054230 7.640000
57.069880 12.640000
71.085530 6.790000
85.101180 6.720000
211.242030 7.430000
225.257680 4.410000
279.304630 7.610000
281.320280 3.800000
293.320280 4.040000
296.331180 5.650000
321.351580 9.850000
335.367230 15.850000
363.398530 4.170000
377.414180 4.970000
391.429830 5.100000
405.445480 3.940000
407.461130 7.970000
419.461130 6.190000
421.476780 8.770000
435.492430 9.730000
449.508080 5.750000
461.508080 5.330000
463.523730 17.070000
475.523730 4.460000
477.539380 8.720000
505.570680 100.000000
522.597230 31.400000
med
43.054230 13.560000
57.069880 16.120000
223.242030 12.740000
225.257680 14.500000
279.304630 26.510000
281.320280 21.080000
293.320280 10.310000
295.335930 11.390000
307.335930 23.850000
309.351580 10.750000
321.351580 24.520000
323.367230 10.440000
335.367230 12.690000
349.382880 8.810000
363.398530 8.740000
377.414180 16.650000
391.429830 27.750000
405.445480 12.420000
419.461130 26.080000
421.476780 9.510000
433.476780 32.000000
435.492430 19.390000
447.492430 29.500000
449.508080 9.360000
461.508080 63.700000
463.523730 69.890000
475.523730 16.730000
505.570680 100.000000
high
29.038580 13.890000
43.054230 100.000000
45.069880 20.670000
57.069880 33.500000
74.096430 74.200000
87.116830 16.980000
101.132480 26.150000
113.132480 42.920000
114.127730 36.960000
115.148130 25.610000
116.143380 36.250000
183.210730 13.150000
185.226380 15.630000
211.242030 34.480000
213.257680 25.860000
225.257680 15.900000
279.304630 27.950000
281.320280 29.450000
295.335930 34.000000
309.351580 37.770000
310.346830 32.850000
321.351580 32.590000
323.367230 39.430000
324.362480 17.340000
463.523730 18.180000
478.534630 19.360000
