low
43.054230 22.320000
57.069880 28.810000
71.085530 15.960000
85.101180 7.350000
87.116830 6.540000
99.116830 7.660000
279.304630 26.180000
281.320280 6.840000
293.320280 4.520000
296.331180 12.660000
307.335930 14.340000
335.367230 5.550000
394.440730 5.210000
435.492430 5.020000
463.523730 19.750000
505.570680 96.400000
522.597230 100.000000
med
41.038580 30.060000
43.054230 100.000000
44.049480 13.190000
57.069880 94.320000
59.085530 28.280000
60.080780 13.820000
71.085530 23.810000
73.101180 21.300000
85.101180 16.900000
99.116830 15.870000
112.112080 18.100000
115.148130 14.140000
127.148130 24.010000
141.163780 15.080000
225.257680 18.280000
279.304630 15.960000
296.331180 21.930000
298.346830 22.350000
310.346830 28.460000
312.362480 34.700000
324.362480 31.670000
340.393780 19.130000
436.487680 18.600000
450.503330 18.540000
463.523730 28.480000
464.518980 27.440000
505.570680 21.140000
522.597230 46.560000
high
29.038580 11.430000
41.038580 14.940000
43.054230 100.000000
45.069880 16.360000
57.069880 69.580000
71.085530 12.940000
112.112080 20.410000
115.148130 14.960000
126.127730 16.180000
127.148130 11.820000
141.163780 12.960000
143.179430 9.960000
296.331180 12.320000
298.346830 13.620000
309.351580 11.670000
312.362480 13.710000
324.362480 14.800000
340.393780 12.360000
354.409430 12.220000
366.409430 13.060000
368.425080 8.290000
