low
43.054230 24.290000
57.069880 22.320000
71.085530 24.070000
73.101180 7.310000
85.101180 13.590000
87.116830 13.750000
198.221630 6.470000
200.237280 4.090000
323.367230 7.580000
436.487680 4.540000
438.503330 4.500000
505.570680 10.460000
522.597230 100.000000
med
43.054230 75.890000
57.069880 61.310000
59.085530 14.940000
71.085530 27.600000
73.101180 20.930000
85.101180 24.950000
87.116830 31.080000
279.304630 26.850000
323.367230 38.790000
325.382880 23.500000
419.461130 81.010000
421.476780 81.460000
423.492430 70.270000
433.476780 29.680000
435.492430 75.200000
436.487680 22.810000
452.518980 19.240000
464.518980 17.070000
505.570680 100.000000
522.597230 16.230000
high
41.038580 11.580000
43.054230 100.000000
45.069880 7.020000
57.069880 38.470000
59.085530 10.430000
71.085530 11.420000
85.101180 7.460000
87.116830 23.180000
113.132480 10.240000
114.127730 27.920000
115.148130 6.420000
116.143380 10.060000
128.143380 19.930000
129.163780 6.760000
183.210730 9.690000
198.221630 8.180000
323.367230 11.550000
325.382880 10.210000
419.461130 7.130000
421.476780 45.630000
435.492430 10.120000
438.503330 6.810000
450.503330 7.880000
