low
43.054230 14.700000
57.069880 22.240000
59.085530 3.230000
71.085530 10.780000
73.101180 3.430000
85.101180 5.930000
87.116830 4.740000
225.257680 8.760000
436.487680 3.340000
466.534630 14.660000
522.597230 100.000000
med
41.038580 35.060000
43.054230 100.000000
55.054230 18.140000
57.069880 89.480000
59.085530 38.270000
71.085530 30.220000
73.101180 26.880000
225.257680 22.960000
254.284230 35.940000
268.299880 32.090000
310.346830 33.840000
312.362480 43.020000
324.362480 43.080000
338.378130 36.210000
436.487680 22.620000
450.503330 22.540000
464.518980 40.820000
466.534630 78.220000
522.597230 62.660000
high
29.038580 12.080000
41.038580 15.660000
43.054230 100.000000
45.069880 17.320000
57.069880 36.530000
59.085530 10.790000
71.085530 7.140000
113.132480 9.740000
130.159030 26.610000
141.163780 8.110000
197.226380 8.350000
225.257680 7.700000
296.331180 14.710000
298.346830 11.790000
312.362480 6.290000
324.362480 8.300000
326.378130 11.560000
338.378130 24.690000
340.393780 9.690000
354.409430 6.560000
368.425080 6.970000
394.440730 6.100000
