low
57.069880 5.810000
71.085530 2.440000
99.116830 5.220000
127.148130 2.650000
169.195080 4.000000
522.597230 100.000000
med
43.054230 18.640000
57.069880 89.420000
99.116830 17.960000
113.132480 23.820000
115.148130 23.580000
127.148130 40.010000
129.163780 35.400000
141.163780 34.010000
155.179430 28.870000
169.195080 37.220000
366.409430 36.290000
380.425080 53.010000
382.440730 18.010000
394.440730 47.200000
396.456380 22.760000
408.456380 17.130000
410.472030 21.890000
450.503330 26.910000
464.518980 30.210000
522.597230 100.000000
high
43.054230 30.900000
55.054230 13.720000
57.069880 100.000000
99.116830 21.050000
101.132480 18.920000
127.148130 16.030000
143.179430 13.650000
254.284230 17.160000
354.409430 41.730000
366.409430 19.040000
368.425080 65.600000
380.425080 42.930000
382.440730 37.500000
394.440730 23.200000
396.456380 49.720000
408.456380 15.880000
410.472030 14.560000
