low
43.054230 17.220000
57.069880 25.400000
71.085530 17.000000
85.101180 6.690000
87.116830 4.430000
99.116830 6.560000
113.132480 4.270000
127.148130 3.820000
253.288980 19.220000
270.315530 31.750000
408.456380 5.680000
522.597230 100.000000
med
41.038580 26.030000
43.054230 85.700000
57.069880 100.000000
59.085530 26.590000
71.085530 51.070000
73.101180 20.150000
85.101180 15.940000
99.116830 14.810000
127.148130 32.080000
211.242030 19.190000
225.257680 18.470000
253.288980 19.540000
270.315530 47.000000
296.331180 28.050000
366.409430 13.190000
394.440730 19.910000
396.456380 12.680000
408.456380 18.100000
410.472030 13.940000
436.487680 17.370000
450.503330 17.310000
464.518980 25.620000
522.597230 45.080000
high
29.038580 11.320000
41.038580 14.380000
43.054230 100.000000
45.069880 16.230000
55.054230 6.150000
57.069880 64.440000
59.085530 6.490000
71.085530 23.710000
99.116830 7.060000
127.148130 7.990000
129.163780 7.710000
141.163780 4.210000
211.242030 6.670000
213.257680 4.670000
253.288980 11.100000
296.331180 7.830000
352.393780 5.220000
366.409430 6.390000
394.440730 7.330000
408.456380 4.590000
506.565930 4.220000
