low
43.054230 7.440000
57.069880 13.260000
71.085530 7.040000
85.101180 6.610000
99.116830 3.800000
265.288980 8.480000
279.304630 7.160000
282.315530 7.510000
284.331180 6.160000
296.331180 4.460000
298.346830 4.990000
307.335930 5.520000
321.351580 10.590000
335.367230 8.120000
349.382880 8.730000
377.414180 4.750000
405.445480 4.910000
407.461130 4.460000
419.461130 6.560000
421.476780 6.580000
433.476780 5.130000
435.492430 6.920000
449.508080 4.920000
463.523730 4.410000
475.523730 5.490000
477.539380 6.340000
505.570680 100.000000
522.597230 30.560000
med
43.054230 24.400000
57.069880 34.420000
71.085530 11.010000
85.101180 13.510000
111.116830 11.510000
127.148130 14.580000
141.163780 9.620000
225.257680 14.160000
265.288980 10.060000
267.304630 9.480000
279.304630 15.660000
284.331180 10.960000
293.320280 12.730000
296.331180 25.260000
307.335930 30.290000
309.351580 13.250000
321.351580 19.460000
335.367230 17.840000
377.414180 13.790000
391.429830 10.340000
419.461130 16.630000
421.476780 9.390000
433.476780 24.380000
435.492430 12.900000
447.492430 12.010000
461.508080 21.770000
463.523730 11.230000
475.523730 15.500000
477.539380 9.980000
492.550280 11.040000
505.570680 100.000000
high
29.038580 13.900000
41.038580 11.640000
43.054230 100.000000
45.069880 20.620000
57.069880 85.460000
59.085530 29.760000
71.085530 15.380000
87.116830 16.940000
113.132480 24.770000
115.148130 20.510000
127.148130 22.900000
128.143380 26.100000
213.257680 12.820000
225.257680 27.020000
227.273330 43.190000
267.304630 15.880000
284.331180 18.980000
296.331180 16.110000
298.346830 12.230000
307.335930 17.970000
309.351580 36.240000
310.346830 11.050000
312.362480 16.280000
321.351580 16.930000
323.367230 22.480000
335.367230 18.830000
