low
41.038580 2.880000
43.054230 14.380000
57.069880 20.790000
59.085530 3.140000
71.085530 13.090000
73.101180 3.380000
85.101180 5.870000
87.116830 4.660000
99.116830 6.370000
422.472030 2.640000
522.597230 100.000000
med
41.038580 29.660000
43.054230 87.810000
55.054230 21.980000
57.069880 100.000000
59.085530 33.000000
71.085530 40.540000
73.101180 25.790000
85.101180 15.800000
99.116830 16.380000
101.132480 12.750000
115.148130 26.570000
127.148130 17.620000
141.163780 13.340000
211.242030 13.070000
310.346830 23.270000
338.378130 15.950000
436.487680 16.260000
450.503330 16.150000
464.518980 21.930000
478.534630 10.830000
522.597230 64.520000
high
29.038580 12.510000
41.038580 15.890000
43.054230 100.000000
45.069880 17.930000
55.054230 8.650000
57.069880 55.600000
59.085530 7.160000
71.085530 16.900000
115.148130 12.910000
127.148130 9.170000
129.163780 11.040000
298.346830 12.220000
310.346830 8.960000
312.362480 14.180000
324.362480 10.340000
326.378130 19.050000
338.378130 11.230000
340.393780 20.160000
352.393780 8.600000
366.409430 7.060000
368.425080 13.880000
