low
43.054230 14.980000
57.069880 21.430000
59.085530 3.220000
71.085530 13.440000
73.101180 3.460000
85.101180 5.960000
87.116830 4.770000
99.116830 6.560000
253.288980 5.490000
270.315530 11.550000
394.440730 4.340000
522.597230 100.000000
med
41.038580 29.860000
43.054230 88.120000
44.049480 8.910000
55.054230 22.130000
57.069880 100.000000
59.085530 32.600000
71.085530 40.400000
73.101180 25.310000
85.101180 15.460000
99.116830 16.320000
101.132480 12.420000
115.148130 26.480000
127.148130 23.370000
141.163780 12.240000
211.242030 8.860000
268.299880 13.810000
270.315530 23.850000
380.425080 11.540000
394.440730 13.100000
408.456380 10.730000
436.487680 16.360000
450.503330 16.090000
464.518980 21.850000
478.534630 10.780000
522.597230 61.920000
high
29.038580 12.510000
41.038580 15.890000
43.054230 100.000000
44.049480 5.330000
45.069880 17.940000
55.054230 8.650000
57.069880 55.600000
58.065130 7.280000
59.085530 7.170000
71.085530 16.910000
99.116830 6.790000
115.148130 12.910000
127.148130 7.690000
129.163780 10.600000
298.346830 6.590000
312.362480 7.380000
326.378130 4.870000
338.378130 5.860000
340.393780 9.730000
352.393780 6.950000
354.409430 13.250000
380.425080 5.600000
394.440730 6.500000
396.456380 6.640000
492.550280 6.350000
