low
57.069880 8.250000
71.085530 8.360000
85.101180 6.590000
155.179430 7.290000
335.367230 8.040000
337.382880 4.910000
349.382880 5.180000
352.393780 6.830000
363.398530 5.250000
365.414180 5.470000
366.409430 4.720000
377.414180 6.580000
379.429830 11.040000
391.429830 6.490000
393.445480 7.790000
405.445480 6.710000
407.461130 7.240000
419.461130 8.610000
433.476780 4.690000
435.492430 7.740000
463.523730 4.890000
505.570680 100.000000
522.597230 41.750000
med
43.054230 9.440000
57.069880 10.590000
99.116830 12.640000
113.132480 10.270000
129.163780 11.320000
141.163780 15.590000
155.179430 28.620000
169.195080 27.890000
335.367230 18.280000
337.382880 21.650000
349.382880 14.110000
351.398530 13.540000
363.398530 28.600000
365.414180 18.990000
366.409430 10.390000
377.414180 29.630000
379.429830 30.490000
391.429830 31.670000
393.445480 19.850000
405.445480 19.030000
419.461130 36.780000
433.476780 33.980000
435.492430 14.780000
447.492430 10.910000
461.508080 24.230000
463.523730 11.640000
475.523730 14.350000
505.570680 100.000000
high
43.054230 42.910000
45.069880 43.640000
57.069880 42.000000
59.085530 58.720000
71.085530 35.400000
113.132480 17.420000
127.148130 24.660000
141.163780 18.270000
155.179430 31.780000
157.195080 38.660000
337.382880 100.000000
349.382880 19.370000
351.398530 47.940000
352.393780 19.810000
365.414180 32.590000
366.409430 16.650000
380.425080 26.050000
