low
43.054230 49.830000
57.069880 27.880000
71.085530 28.130000
352.393780 41.840000
366.409430 37.390000
380.425080 26.600000
394.440730 53.360000
436.487680 100.000000
438.503330 23.780000
450.503330 25.270000
464.518980 41.230000
522.597230 32.800000
med
43.054230 79.680000
55.054230 15.230000
57.069880 31.180000
71.085530 24.880000
73.101180 20.080000
85.101180 35.800000
87.116830 100.000000
352.393780 76.410000
394.440730 59.420000
436.487680 51.350000
438.503330 39.780000
450.503330 25.270000
452.518980 30.770000
464.518980 33.160000
high
43.054230 29.070000
73.101180 8.700000
87.116830 15.290000
183.210730 100.000000
185.226380 10.090000
197.226380 38.750000
211.242030 22.310000
225.257680 9.860000
240.268580 8.460000
256.299880 9.230000
283.335930 15.460000
352.393780 38.580000
366.409430 17.120000
450.503330 10.660000
452.518980 19.650000
464.518980 8.230000
466.534630 13.730000
