low
43.054230 18.750000
46.065130 5.980000
57.069880 22.930000
71.085530 14.860000
85.101180 6.710000
87.116830 5.710000
99.116830 4.560000
225.257680 5.440000
310.346830 13.300000
326.378130 4.630000
338.378130 4.420000
408.456380 6.800000
410.472030 6.540000
422.472030 5.730000
477.539380 18.210000
522.597230 100.000000
med
41.038580 21.590000
43.054230 100.000000
46.065130 31.870000
57.069880 97.870000
59.085530 25.730000
71.085530 57.020000
73.101180 18.940000
182.190330 16.870000
225.257680 62.250000
282.315530 25.910000
296.331180 24.170000
298.346830 80.600000
310.346830 27.690000
312.362480 47.980000
324.362480 26.960000
326.378130 27.830000
394.440730 21.130000
408.456380 31.690000
410.472030 28.470000
436.487680 17.390000
450.503330 17.330000
464.518980 25.650000
477.539380 26.830000
522.597230 37.540000
high
29.038580 9.690000
41.038580 11.430000
43.054230 100.000000
45.069880 13.870000
55.054230 7.300000
57.069880 46.790000
69.069880 7.460000
71.085530 21.130000
140.143380 7.550000
183.210730 5.980000
211.242030 16.160000
213.257680 7.480000
282.315530 33.600000
294.315530 18.770000
324.362480 8.350000
326.378130 10.410000
338.378130 11.610000
340.393780 8.740000
354.409430 12.550000
394.440730 7.250000
408.456380 6.690000
477.539380 10.300000
