low
41.038580 4.240000
43.054230 21.720000
57.069880 26.730000
71.085530 13.540000
73.101180 4.430000
85.101180 7.710000
87.116830 6.380000
99.116830 9.210000
113.132480 6.570000
223.242030 4.920000
307.335930 3.980000
363.398530 6.250000
394.440730 4.160000
407.461130 4.500000
419.461130 12.210000
421.476780 7.910000
433.476780 4.980000
435.492430 5.500000
505.570680 99.960000
522.597230 100.000000
med
41.038580 30.310000
43.054230 100.000000
57.069880 91.420000
59.085530 28.930000
71.085530 21.360000
73.101180 22.810000
85.101180 20.690000
99.116830 19.880000
101.132480 11.620000
113.132480 24.500000
115.148130 23.990000
127.148130 50.530000
129.163780 18.930000
141.163780 33.750000
363.398530 11.120000
380.425080 17.450000
382.440730 9.830000
394.440730 18.880000
408.456380 10.130000
419.461130 18.320000
421.476780 12.380000
433.476780 10.590000
436.487680 12.500000
450.503330 13.680000
464.518980 19.800000
478.534630 9.770000
505.570680 84.300000
522.597230 46.440000
high
29.038580 11.340000
41.038580 14.820000
43.054230 100.000000
45.069880 16.240000
57.069880 43.220000
59.085530 7.540000
71.085530 6.220000
99.116830 6.800000
113.132480 21.000000
115.148130 11.700000
127.148130 12.350000
128.143380 14.360000
129.163780 11.980000
141.163780 10.460000
143.179430 7.120000
213.257680 5.480000
267.304630 10.550000
282.315530 13.750000
296.331180 6.490000
310.346830 6.450000
324.362480 5.440000
326.378130 5.880000
340.393780 6.570000
354.409430 5.150000
365.414180 5.240000
366.409430 12.980000
380.425080 7.860000
394.440730 6.570000
396.456380 5.850000
