low
41.038580 3.950000
43.054230 15.030000
57.069880 29.220000
71.085530 10.470000
73.101180 3.390000
85.101180 5.880000
87.116830 5.260000
225.257680 5.240000
522.597230 100.000000
med
41.038580 44.580000
43.054230 97.090000
55.054230 14.280000
57.069880 100.000000
59.085530 34.240000
71.085530 22.750000
73.101180 26.880000
85.101180 16.510000
183.210730 11.900000
211.242030 17.660000
225.257680 21.000000
310.346830 20.960000
324.362480 10.880000
338.378130 11.840000
436.487680 21.390000
450.503330 21.310000
464.518980 31.540000
478.534630 20.270000
522.597230 68.300000
high
29.038580 11.630000
41.038580 22.050000
43.054230 100.000000
45.069880 16.650000
57.069880 39.020000
113.132480 9.370000
141.163780 6.630000
142.159030 34.390000
225.257680 15.010000
296.331180 11.720000
298.346830 34.290000
310.346830 16.570000
312.362480 34.400000
326.378130 37.650000
338.378130 8.160000
340.393780 13.410000
354.409430 7.230000
394.440730 6.820000
