low
57.069880 9.280000
59.085530 2.730000
71.085530 2.170000
85.101180 5.010000
113.132480 3.170000
169.195080 1.880000
186.221630 2.180000
337.382880 9.580000
522.597230 100.000000
med
43.054230 15.860000
57.069880 37.060000
71.085530 14.050000
74.096430 15.080000
85.101180 19.230000
101.132480 19.310000
113.132480 19.330000
115.148130 21.180000
127.148130 53.480000
129.163780 50.550000
141.163780 63.650000
169.195080 17.380000
184.205980 33.860000
186.221630 42.010000
265.288980 14.370000
337.382880 30.040000
352.393780 19.550000
366.409430 32.160000
380.425080 42.560000
382.440730 15.110000
394.440730 23.500000
396.456380 16.370000
408.456380 19.560000
410.472030 14.360000
436.487680 24.280000
450.503330 19.540000
464.518980 26.070000
522.597230 100.000000
high
43.054230 26.990000
45.069880 60.690000
57.069880 31.150000
71.085530 100.000000
73.101180 19.800000
99.116830 26.550000
101.132480 24.460000
113.132480 31.610000
115.148130 23.190000
141.163780 23.130000
197.226380 22.250000
339.398530 32.470000
352.393780 27.290000
354.409430 40.920000
366.409430 39.600000
368.425080 52.970000
380.425080 27.370000
382.440730 72.090000
394.440730 26.110000
396.456380 54.040000
