low
43.054230 13.920000
57.069880 27.670000
71.085530 13.430000
85.101180 7.300000
253.288980 26.350000
270.315530 69.690000
310.346830 10.580000
408.456380 8.890000
422.472030 8.680000
424.487680 11.130000
436.487680 5.540000
522.597230 100.000000
med
43.054230 46.740000
57.069880 100.000000
58.065130 63.050000
59.085530 16.830000
71.085530 21.500000
101.132480 20.430000
113.132480 22.490000
128.143380 25.840000
198.221630 21.720000
211.242030 25.260000
253.288980 34.710000
268.299880 37.690000
270.315530 79.410000
310.346830 24.310000
312.362480 78.730000
324.362480 14.930000
326.378130 22.580000
340.393780 16.950000
408.456380 35.480000
410.472030 31.940000
422.472030 18.300000
424.487680 17.780000
464.518980 17.390000
522.597230 20.310000
high
29.038580 14.030000
41.038580 11.750000
43.054230 100.000000
45.069880 20.070000
57.069880 94.990000
58.065130 24.910000
71.085530 11.850000
85.101180 9.900000
87.116830 15.680000
114.127730 14.380000
125.132480 11.920000
155.179430 11.360000
157.195080 12.250000
211.242030 14.070000
213.257680 8.560000
255.304630 12.500000
268.299880 12.480000
312.362480 22.140000
326.378130 8.790000
340.393780 12.360000
352.393780 18.640000
354.409430 16.620000
366.409430 33.740000
368.425080 14.220000
408.456380 22.470000
410.472030 17.650000
422.472030 9.570000
