low
41.038580 2.960000
43.054230 13.950000
57.069880 20.710000
71.085530 12.020000
85.101180 5.130000
87.116830 3.370000
99.116830 5.770000
141.163780 3.090000
237.257680 4.990000
267.304630 4.680000
279.304630 4.530000
363.398530 8.260000
377.414180 7.300000
379.429830 3.310000
391.429830 5.600000
393.445480 3.300000
394.440730 3.040000
405.445480 4.310000
407.461130 4.270000
419.461130 6.650000
421.476780 4.710000
433.476780 4.000000
435.492430 5.220000
449.508080 3.080000
505.570680 100.000000
522.597230 61.940000
med
41.038580 25.640000
43.054230 74.660000
55.054230 19.010000
57.069880 100.000000
59.085530 26.670000
71.085530 32.990000
73.101180 20.440000
85.101180 12.780000
99.116830 13.900000
101.132480 9.890000
115.148130 22.270000
127.148130 45.360000
129.163780 6.170000
141.163780 30.640000
267.304630 12.440000
296.331180 14.690000
310.346830 7.080000
380.425080 10.270000
394.440730 14.110000
408.456380 7.520000
422.472030 6.960000
433.476780 7.250000
436.487680 13.500000
450.503330 13.410000
464.518980 18.200000
478.534630 8.990000
505.570680 37.740000
522.597230 45.830000
high
29.038580 12.730000
41.038580 16.170000
43.054230 100.000000
45.069880 18.610000
55.054230 8.800000
57.069880 72.920000
59.085530 7.820000
71.085530 17.470000
99.116830 7.180000
115.148130 13.370000
127.148130 13.340000
141.163780 10.510000
143.179430 8.770000
296.331180 6.920000
298.346830 11.690000
324.362480 5.140000
326.378130 5.650000
338.378130 4.780000
352.393780 7.430000
354.409430 5.450000
380.425080 4.550000
382.440730 4.630000
394.440730 7.140000
