low
43.054230 17.300000
57.069880 22.240000
59.085530 3.380000
71.085530 11.820000
73.101180 3.600000
85.101180 6.110000
87.116830 5.630000
99.116830 6.480000
113.132480 4.920000
127.148130 6.220000
296.331180 13.730000
394.440730 4.630000
436.487680 3.550000
463.523730 8.560000
477.539380 15.670000
522.597230 100.000000
med
41.038580 24.280000
43.054230 100.000000
55.054230 14.320000
57.069880 89.640000
58.065130 18.920000
59.085530 32.140000
60.080780 21.780000
71.085530 25.970000
73.101180 24.650000
85.101180 14.960000
99.116830 17.630000
113.132480 13.860000
115.148130 15.720000
127.148130 37.740000
141.163780 23.810000
225.257680 26.430000
296.331180 14.900000
298.346830 22.520000
436.487680 20.680000
450.503330 20.610000
464.518980 30.500000
477.539380 52.450000
478.534630 14.280000
522.597230 57.790000
high
29.038580 11.500000
41.038580 13.550000
43.054230 100.000000
45.069880 16.440000
57.069880 41.050000
58.065130 10.140000
60.080780 23.120000
113.132480 23.730000
115.148130 15.030000
127.148130 8.820000
129.163780 12.100000
141.163780 11.150000
142.159030 22.090000
156.174680 81.520000
157.195080 8.100000
296.331180 14.610000
298.346830 10.930000
310.346830 8.620000
326.378130 22.020000
463.523730 15.250000
