low
43.054230 14.820000
57.069880 22.070000
59.085530 3.160000
71.085530 14.290000
73.101180 3.400000
85.101180 5.900000
87.116830 4.180000
99.116830 6.430000
394.440730 3.090000
422.472030 2.800000
436.487680 2.660000
522.597230 100.000000
med
41.038580 29.280000
43.054230 88.180000
55.054230 22.360000
57.069880 100.000000
59.085530 31.790000
71.085530 52.620000
73.101180 24.800000
85.101180 15.180000
99.116830 15.830000
101.132480 11.640000
127.148130 17.020000
141.163780 24.610000
282.315530 10.980000
296.331180 11.610000
310.346830 9.810000
380.425080 13.740000
394.440730 10.930000
436.487680 15.710000
450.503330 15.600000
464.518980 21.180000
478.534630 10.460000
522.597230 61.600000
high
29.038580 12.240000
41.038580 16.550000
43.054230 100.000000
45.069880 17.580000
55.054230 8.980000
57.069880 62.880000
59.085530 7.060000
71.085530 25.520000
99.116830 6.650000
127.148130 8.980000
141.163780 8.820000
143.179430 4.070000
211.242030 3.610000
239.273330 4.630000
340.393780 3.710000
366.409430 5.490000
368.425080 3.470000
380.425080 6.420000
382.440730 5.330000
