low
43.054230 21.860000
57.069880 27.370000
71.085530 14.290000
83.085530 5.510000
85.101180 7.190000
87.116830 6.340000
97.101180 8.120000
99.116830 8.150000
113.132480 5.360000
251.273330 9.170000
253.288980 25.710000
268.299880 6.670000
293.320280 7.790000
405.445480 6.740000
422.472030 6.990000
505.570680 80.050000
522.597230 100.000000
med
41.038580 19.110000
43.054230 100.000000
57.069880 99.530000
59.085530 26.510000
71.085530 24.600000
73.101180 18.910000
83.085530 24.570000
85.101180 15.240000
97.101180 24.190000
99.116830 20.230000
113.132480 19.130000
115.148130 15.470000
127.148130 21.690000
141.163780 25.330000
211.242030 16.010000
239.273330 14.850000
251.273330 33.370000
253.288980 48.410000
268.299880 66.790000
293.320280 24.640000
323.367230 14.930000
324.362480 22.460000
326.378130 23.710000
338.378130 18.330000
340.393780 14.870000
391.429830 39.510000
408.456380 21.050000
422.472030 16.120000
464.518980 18.870000
505.570680 86.120000
522.597230 35.350000
high
29.038580 11.320000
41.038580 11.750000
43.054230 100.000000
45.069880 16.200000
57.069880 61.990000
59.085530 27.600000
71.085530 5.810000
99.116830 7.410000
113.132480 18.060000
115.148130 13.610000
126.127730 5.680000
127.148130 17.810000
141.163780 13.760000
143.179430 7.810000
155.179430 6.580000
225.257680 9.340000
284.331180 6.510000
293.320280 10.090000
295.335930 19.120000
323.367230 5.270000
326.378130 13.570000
338.378130 7.120000
349.382880 6.030000
352.393780 9.160000
354.409430 8.480000
366.409430 6.910000
368.425080 6.570000
380.425080 8.870000
