low
43.054230 17.260000
57.069880 31.860000
71.085530 16.140000
85.101180 8.990000
87.116830 8.150000
99.116830 9.960000
113.132480 8.000000
522.597230 100.000000
med
41.038580 33.760000
43.054230 81.090000
55.054230 14.850000
57.069880 100.000000
59.085530 33.420000
71.085530 22.090000
73.101180 25.520000
85.101180 15.480000
99.116830 16.930000
101.132480 13.280000
113.132480 26.600000
115.148130 27.460000
394.440730 13.350000
422.472030 12.260000
450.503330 15.290000
464.518980 12.450000
522.597230 39.840000
high
29.038580 8.550000
41.038580 16.750000
43.054230 100.000000
45.069880 31.210000
57.069880 46.580000
59.085530 39.880000
99.116830 6.940000
113.132480 22.030000
115.148130 13.200000
125.132480 9.030000
129.163780 7.530000
270.315530 6.580000
284.331180 6.970000
298.346830 6.260000
380.425080 7.790000
396.456380 14.490000
408.456380 11.750000
410.472030 13.900000
424.487680 6.700000
436.487680 6.830000
