low
41.038580 9.400000
43.054230 11.930000
57.069880 71.840000
71.085530 12.800000
141.163780 18.500000
321.351580 9.890000
323.367230 7.240000
338.378130 19.800000
340.393780 16.650000
351.398530 15.770000
366.409430 30.000000
368.425080 39.930000
380.425080 7.210000
394.440730 13.150000
424.487680 6.150000
505.570680 28.140000
522.597230 100.000000
med
43.054230 41.850000
57.069880 21.690000
59.085530 17.560000
85.101180 22.430000
101.132480 61.770000
127.148130 23.170000
155.179430 25.770000
183.210730 51.920000
321.351580 26.730000
323.367230 28.170000
349.382880 53.460000
351.398530 51.680000
363.398530 26.320000
365.414180 64.180000
366.409430 42.420000
377.414180 28.800000
379.429830 93.570000
382.440730 28.570000
393.445480 22.040000
394.440730 30.450000
396.456380 22.840000
408.456380 21.940000
410.472030 18.640000
419.461130 46.390000
421.476780 19.070000
436.487680 16.760000
461.508080 34.040000
464.518980 18.160000
505.570680 100.000000
high
29.038580 19.050000
41.038580 41.990000
43.054230 100.000000
45.069880 27.200000
55.054230 29.720000
57.069880 51.050000
101.132480 17.590000
113.132480 35.610000
141.163780 31.170000
143.179430 17.410000
321.351580 26.490000
323.367230 96.600000
351.398530 83.040000
365.414180 40.330000
366.409430 32.520000
380.425080 29.950000
382.440730 19.510000
