low
43.054230 14.880000
57.069880 22.370000
59.085530 3.170000
71.085530 14.990000
73.101180 3.410000
85.101180 5.900000
87.116830 4.190000
99.116830 6.440000
394.440730 3.140000
408.456380 3.880000
422.472030 2.670000
522.597230 100.000000
med
41.038580 26.820000
43.054230 80.570000
55.054230 20.480000
57.069880 100.000000
59.085530 28.690000
71.085530 81.030000
73.101180 22.250000
85.101180 13.590000
99.116830 14.380000
101.132480 10.370000
127.148130 14.070000
141.163780 13.310000
268.299880 9.970000
310.346830 10.140000
394.440730 17.250000
408.456380 9.390000
436.487680 14.270000
450.503330 14.170000
464.518980 19.240000
478.534630 9.500000
522.597230 54.300000
high
29.038580 12.240000
41.038580 16.550000
43.054230 100.000000
45.069880 17.580000
55.054230 8.980000
57.069880 64.830000
59.085530 7.060000
71.085530 32.750000
99.116830 6.650000
127.148130 5.210000
141.163780 7.370000
143.179430 6.710000
225.257680 3.610000
352.393780 5.560000
354.409430 4.740000
368.425080 3.400000
394.440730 6.180000
396.456380 4.530000
