low
113.132480 7.700000
522.597230 100.000000
med
57.069880 32.520000
71.085530 44.510000
85.101180 26.640000
87.116830 26.760000
99.116830 39.640000
101.132480 99.410000
113.132480 100.000000
115.148130 58.720000
127.148130 38.880000
253.288980 35.610000
270.315530 41.940000
522.597230 80.300000
high
59.085530 5.780000
71.085530 4.540000
113.132480 20.780000
115.148130 6.540000
142.159030 4.060000
253.288980 100.000000
255.304630 6.250000
268.299880 7.710000
436.487680 6.000000
450.503330 4.870000
