low
41.038580 2.940000
43.054230 14.610000
57.069880 21.570000
59.085530 3.170000
71.085530 13.700000
73.101180 3.410000
85.101180 5.900000
87.116830 4.700000
99.116830 6.440000
113.132480 2.650000
141.163780 3.160000
394.440730 3.090000
522.597230 100.000000
med
41.038580 26.450000
43.054230 77.930000
55.054230 19.610000
57.069880 100.000000
59.085530 28.580000
71.085530 65.330000
73.101180 22.100000
85.101180 13.470000
99.116830 14.380000
101.132480 10.790000
115.148130 23.320000
127.148130 13.490000
141.163780 32.800000
282.315530 15.970000
366.409430 13.440000
380.425080 11.180000
394.440730 10.690000
436.487680 11.650000
450.503330 12.110000
464.518980 19.240000
522.597230 53.370000
high
29.038580 12.510000
41.038580 15.900000
43.054230 100.000000
45.069880 17.930000
55.054230 8.650000
57.069880 67.700000
59.085530 7.150000
71.085530 18.360000
83.085530 10.140000
99.116830 6.780000
115.148130 12.910000
141.163780 11.540000
143.179430 7.850000
282.315530 6.150000
284.331180 6.730000
326.378130 12.010000
340.393780 9.310000
354.409430 13.970000
366.409430 9.470000
368.425080 17.900000
380.425080 8.310000
394.440730 7.350000
396.456380 11.740000
