low
41.038580 4.160000
43.054230 21.330000
57.069880 26.300000
71.085530 13.350000
85.101180 7.100000
87.116830 6.260000
99.116830 8.190000
113.132480 6.460000
129.163780 4.210000
251.273330 5.020000
279.304630 4.060000
363.398530 10.520000
377.414180 4.790000
391.429830 6.210000
394.440730 3.970000
407.461130 4.600000
421.476780 5.060000
433.476780 4.220000
435.492430 5.620000
505.570680 100.000000
522.597230 98.300000
med
41.038580 30.320000
43.054230 100.000000
57.069880 91.450000
59.085530 29.130000
71.085530 21.320000
73.101180 21.610000
85.101180 17.140000
87.116830 8.550000
99.116830 16.990000
101.132480 11.720000
113.132480 24.510000
115.148130 26.800000
127.148130 44.350000
129.163780 12.680000
139.148130 10.210000
141.163780 35.260000
253.288980 9.580000
363.398530 22.200000
377.414180 13.490000
391.429830 16.400000
394.440730 10.410000
433.476780 12.190000
436.487680 14.750000
450.503330 14.650000
464.518980 19.890000
478.534630 9.820000
505.570680 81.600000
522.597230 47.580000
high
29.038580 11.360000
41.038580 14.840000
43.054230 100.000000
45.069880 16.260000
57.069880 43.040000
59.085530 7.430000
99.116830 6.930000
113.132480 20.850000
115.148130 12.470000
127.148130 12.010000
128.143380 14.370000
129.163780 12.290000
141.163780 13.640000
143.179430 6.620000
295.335930 8.960000
296.331180 7.920000
298.346830 8.460000
310.346830 15.490000
312.362480 6.740000
324.362480 10.380000
326.378130 9.290000
338.378130 18.380000
354.409430 7.000000
366.409430 7.770000
368.425080 7.770000
