low
43.054230 16.330000
57.069880 18.540000
71.085530 19.310000
73.101180 6.380000
85.101180 21.780000
99.116830 11.700000
113.132480 5.980000
380.425080 6.400000
408.456380 5.260000
464.518980 9.190000
466.534630 5.010000
522.597230 100.000000
med
41.038580 15.910000
43.054230 26.010000
55.054230 42.450000
57.069880 100.000000
71.085530 51.080000
73.101180 17.750000
85.101180 30.940000
99.116830 13.010000
101.132480 8.390000
113.132480 12.840000
380.425080 7.840000
408.456380 9.490000
422.472030 8.320000
436.487680 17.390000
450.503330 8.860000
464.518980 17.560000
506.565930 7.810000
522.597230 24.770000
high
41.038580 31.110000
43.054230 100.000000
45.069880 10.600000
55.054230 31.140000
57.069880 82.540000
59.085530 5.740000
69.069880 18.300000
71.085530 35.020000
83.085530 7.970000
85.101180 22.070000
113.132480 9.000000
129.163780 15.690000
143.179430 7.690000
225.257680 5.290000
253.288980 5.330000
366.409430 6.690000
380.425080 5.650000
382.440730 5.410000
408.456380 6.530000
