low
41.038580 3.320000
43.054230 16.260000
57.069880 21.680000
59.085530 3.320000
71.085530 10.920000
73.101180 3.550000
85.101180 6.050000
87.116830 5.530000
99.116830 6.770000
113.132480 5.440000
127.148130 3.120000
129.163780 3.650000
253.288980 5.320000
296.331180 5.670000
324.362480 3.950000
338.378130 5.610000
477.539380 7.670000
522.597230 100.000000
med
41.038580 33.870000
43.054230 99.940000
46.065130 13.500000
55.054230 14.900000
57.069880 100.000000
59.085530 33.090000
71.085530 21.960000
73.101180 25.290000
85.101180 15.110000
99.116830 16.830000
101.132480 13.120000
113.132480 26.430000
115.148130 27.290000
127.148130 48.470000
129.163780 14.360000
141.163780 35.600000
253.288980 25.800000
268.299880 23.090000
282.315530 16.180000
310.346830 25.860000
324.362480 19.990000
436.487680 16.860000
450.503330 16.590000
464.518980 22.520000
477.539380 35.990000
522.597230 57.130000
high
29.038580 11.630000
41.038580 15.190000
43.054230 100.000000
45.069880 21.490000
57.069880 46.260000
58.065130 25.100000
59.085530 14.930000
71.085530 8.330000
113.132480 20.000000
115.148130 11.990000
127.148130 11.430000
129.163780 12.580000
141.163780 13.160000
142.159030 9.500000
143.179430 6.780000
268.299880 16.200000
310.346830 18.200000
324.362480 7.620000
326.378130 10.420000
338.378130 11.660000
340.393780 8.940000
380.425080 8.780000
382.440730 10.670000
