low
43.054230 11.210000
57.069880 23.360000
59.085530 3.260000
71.085530 14.420000
73.101180 3.390000
85.101180 6.360000
87.116830 4.170000
99.116830 6.410000
113.132480 2.640000
141.163780 3.140000
408.456380 2.640000
522.597230 100.000000
med
41.038580 23.430000
43.054230 55.770000
55.054230 19.550000
57.069880 100.000000
59.085530 30.200000
71.085530 54.010000
73.101180 19.850000
85.101180 15.610000
99.116830 12.670000
101.132480 8.840000
127.148130 10.680000
141.163780 28.900000
380.425080 8.350000
394.440730 9.270000
436.487680 10.020000
450.503330 10.630000
464.518980 16.950000
478.534630 7.310000
522.597230 49.310000
high
29.038580 13.460000
41.038580 18.200000
43.054230 100.000000
45.069880 19.330000
55.054230 14.500000
57.069880 75.710000
59.085530 8.340000
71.085530 28.620000
73.101180 2.850000
83.085530 4.240000
99.116830 7.310000
141.163780 12.430000
143.179430 8.460000
155.179430 4.170000
169.195080 4.170000
171.210730 2.710000
366.409430 3.860000
380.425080 5.370000
382.440730 4.870000
394.440730 3.960000
396.456380 2.510000
408.456380 2.540000
