low
41.038580 2.940000
43.054230 13.870000
57.069880 20.660000
71.085530 11.960000
85.101180 5.110000
87.116830 3.350000
99.116830 5.740000
251.273330 5.010000
253.288980 4.650000
265.288980 4.550000
363.398530 8.290000
377.414180 7.330000
379.429830 3.320000
391.429830 5.620000
393.445480 3.310000
405.445480 4.330000
407.461130 4.290000
419.461130 6.670000
421.476780 4.720000
433.476780 4.020000
435.492430 5.240000
449.508080 3.100000
463.523730 2.930000
505.570680 100.000000
522.597230 61.760000
med
41.038580 26.600000
43.054230 77.530000
55.054230 19.720000
57.069880 100.000000
59.085530 27.840000
71.085530 34.350000
73.101180 21.390000
85.101180 13.390000
99.116830 14.470000
101.132480 10.370000
115.148130 23.180000
127.148130 41.520000
141.163780 30.600000
253.288980 12.950000
282.315530 16.950000
296.331180 6.660000
352.393780 6.510000
380.425080 11.790000
394.440730 7.990000
408.456380 8.910000
422.472030 7.570000
433.476780 7.590000
436.487680 14.050000
450.503330 13.960000
464.518980 18.950000
478.534630 9.350000
505.570680 39.690000
522.597230 48.370000
high
29.038580 12.730000
41.038580 16.170000
43.054230 100.000000
45.069880 18.610000
55.054230 8.800000
57.069880 73.230000
59.085530 7.820000
71.085530 17.470000
99.116830 7.180000
115.148130 13.380000
127.148130 12.930000
141.163780 14.800000
143.179430 7.430000
284.331180 7.720000
312.362480 7.120000
338.378130 5.620000
352.393780 5.630000
366.409430 8.030000
368.425080 6.460000
380.425080 6.800000
382.440730 5.910000
