low
41.038580 3.550000
57.069880 35.620000
71.085530 7.660000
85.101180 9.130000
254.284230 4.550000
256.299880 5.040000
267.304630 7.230000
424.487680 6.870000
505.570680 11.630000
522.597230 100.000000
med
57.069880 23.810000
85.101180 36.950000
87.116830 25.540000
111.116830 28.570000
113.132480 53.800000
115.148130 27.640000
141.163780 25.770000
239.273330 19.580000
267.304630 37.230000
269.320280 22.480000
363.398530 41.120000
365.414180 18.650000
391.429830 77.950000
393.445480 76.070000
395.461130 22.700000
407.461130 17.620000
408.456380 27.380000
421.476780 17.820000
424.487680 50.880000
464.518980 15.130000
505.570680 100.000000
522.597230 15.850000
high
41.038580 35.090000
43.054230 41.280000
57.069880 100.000000
71.085530 40.770000
73.101180 26.370000
99.116830 25.490000
113.132480 38.910000
115.148130 27.450000
142.159030 78.830000
184.205980 28.820000
239.273330 54.880000
267.304630 68.990000
269.320280 44.920000
363.398530 26.720000
365.414180 27.080000
391.429830 23.920000
393.445480 40.280000
408.456380 31.900000
421.476780 35.080000
