low
43.054230 14.780000
57.069880 21.940000
59.085530 3.270000
71.085530 14.240000
73.101180 3.390000
85.101180 5.890000
87.116830 4.170000
99.116830 6.410000
408.456380 3.530000
436.487680 3.290000
522.597230 100.000000
med
41.038580 29.750000
43.054230 88.830000
55.054230 22.720000
57.069880 100.000000
59.085530 38.790000
71.085530 52.810000
73.101180 25.680000
85.101180 15.760000
99.116830 16.210000
101.132480 11.540000
127.148130 23.200000
141.163780 13.070000
408.456380 11.180000
436.487680 20.510000
450.503330 20.440000
464.518980 30.260000
478.534630 14.160000
522.597230 64.840000
high
29.038580 12.260000
41.038580 16.570000
43.054230 100.000000
45.069880 17.610000
55.054230 8.990000
57.069880 62.230000
59.085530 7.610000
71.085530 25.500000
99.116830 6.660000
127.148130 7.540000
141.163780 4.690000
225.257680 4.260000
253.288980 4.300000
282.315530 3.340000
296.331180 3.670000
324.362480 3.310000
366.409430 3.930000
380.425080 3.940000
