low
57.069880 7.160000
99.116830 5.460000
169.195080 12.880000
354.409430 54.430000
492.550280 9.420000
522.597230 100.000000
med
57.069880 33.210000
83.085530 35.530000
97.101180 28.810000
99.116830 43.600000
101.132480 25.400000
111.116830 48.080000
113.132480 25.470000
115.148130 29.630000
169.195080 57.470000
198.221630 51.790000
352.393780 25.370000
354.409430 100.000000
366.409430 45.140000
452.518980 40.710000
464.518980 54.900000
478.534630 29.570000
522.597230 39.180000
high
43.054230 42.240000
57.069880 100.000000
71.085530 16.290000
85.101180 9.900000
87.116830 11.220000
97.101180 11.380000
155.179430 18.900000
198.221630 15.300000
366.409430 8.550000
368.425080 13.160000
408.456380 10.390000
410.472030 13.510000
436.487680 9.530000
450.503330 33.430000
