low
71.085530 2.770000
85.101180 2.840000
99.116830 6.760000
169.195080 4.770000
394.440730 3.030000
464.518980 3.860000
506.565930 2.640000
522.597230 100.000000
med
57.069880 27.910000
71.085530 26.740000
99.116830 34.140000
113.132480 34.230000
115.148130 39.260000
129.163780 68.270000
155.179430 48.650000
169.195080 49.880000
366.409430 52.460000
380.425080 100.000000
382.440730 53.390000
394.440730 49.600000
396.456380 26.840000
408.456380 24.860000
450.503330 38.500000
464.518980 57.210000
506.565930 32.580000
522.597230 85.030000
high
43.054230 23.840000
57.069880 40.750000
87.116830 17.680000
99.116830 17.680000
141.163780 19.710000
169.195080 15.380000
354.409430 34.300000
366.409430 21.100000
368.425080 51.010000
380.425080 66.730000
382.440730 100.000000
394.440730 43.180000
396.456380 51.350000
408.456380 26.660000
422.472030 16.100000
