low
43.054230 7.620000
55.054230 1.510000
57.069880 11.550000
59.085530 1.580000
60.080780 2.780000
71.085530 8.300000
72.080780 3.520000
73.101180 1.700000
74.096430 2.790000
83.085530 1.830000
85.101180 2.950000
87.116830 2.090000
88.112080 1.490000
99.116830 3.220000
100.112080 1.840000
102.127730 1.600000
113.132480 1.320000
130.159030 1.870000
141.163780 1.580000
394.440730 1.800000
408.456380 1.770000
422.472030 1.550000
436.487680 1.650000
450.503330 1.470000
505.570680 15.280000
522.597230 100.000000
med
41.038580 21.180000
43.054230 63.820000
55.054230 23.590000
57.069880 100.000000
58.065130 6.690000
59.085530 21.480000
60.080780 33.100000
71.085530 75.440000
72.080780 6.660000
73.101180 16.830000
74.096430 15.190000
83.085530 19.210000
85.101180 10.330000
97.101180 8.050000
99.116830 10.630000
101.132480 7.950000
102.127730 8.650000
127.148130 10.780000
130.159030 14.430000
141.163780 24.260000
380.425080 8.330000
394.440730 8.090000
408.456380 7.340000
422.472030 6.380000
436.487680 13.460000
450.503330 13.410000
463.523730 10.100000
464.518980 19.850000
478.534630 9.290000
505.570680 73.260000
522.597230 84.860000
high
29.038580 11.430000
41.038580 16.580000
43.054230 100.000000
44.049480 9.530000
45.069880 16.440000
46.065130 6.410000
55.054230 21.840000
57.069880 69.320000
58.065130 4.470000
59.085530 6.640000
71.085530 37.680000
83.085530 9.070000
97.101180 6.300000
99.116830 6.210000
127.148130 4.880000
130.159030 6.340000
141.163780 10.570000
142.159030 7.530000
143.179430 7.190000
156.174680 4.060000
170.190330 4.060000
184.205980 4.060000
198.221630 4.060000
212.237280 4.060000
226.252930 4.060000
240.268580 4.060000
254.284230 4.060000
268.299880 4.060000
282.315530 4.060000
380.425080 5.630000
394.440730 4.460000
