low
43.054230 14.810000
57.069880 22.260000
59.085530 3.270000
71.085530 14.740000
73.101180 3.400000
85.101180 5.900000
87.116830 4.180000
99.116830 6.430000
141.163780 3.150000
422.472030 2.750000
436.487680 2.650000
522.597230 100.000000
med
41.038580 27.550000
43.054230 82.080000
55.054230 21.040000
57.069880 100.000000
59.085530 35.500000
71.085530 79.050000
73.101180 23.330000
85.101180 14.280000
99.116830 14.890000
101.132480 10.390000
127.148130 14.420000
141.163780 33.980000
394.440730 10.000000
436.487680 14.780000
450.503330 14.680000
464.518980 19.930000
522.597230 57.930000
high
29.038580 12.260000
41.038580 16.570000
43.054230 100.000000
45.069880 17.600000
55.054230 8.990000
57.069880 64.580000
59.085530 7.600000
71.085530 26.930000
83.085530 9.940000
99.116830 6.650000
141.163780 11.320000
143.179430 7.700000
338.378130 3.000000
340.393780 2.760000
380.425080 4.090000
382.440730 2.830000
394.440730 4.310000
396.456380 2.760000
436.487680 2.790000
