low
41.038580 3.300000
43.054230 16.190000
57.069880 21.610000
59.085530 3.310000
71.085530 10.890000
73.101180 3.540000
85.101180 6.040000
87.116830 5.510000
99.116830 6.750000
113.132480 4.440000
115.148130 3.460000
239.273330 5.300000
296.331180 3.660000
310.346830 7.630000
324.362480 5.970000
477.539380 7.640000
522.597230 100.000000
med
41.038580 33.780000
43.054230 99.790000
46.065130 13.520000
55.054230 14.860000
57.069880 100.000000
59.085530 33.250000
71.085530 22.070000
73.101180 25.480000
85.101180 15.250000
99.116830 16.850000
101.132480 13.250000
113.132480 21.030000
115.148130 18.480000
127.148130 35.030000
141.163780 18.580000
211.242030 19.530000
225.257680 24.400000
239.273330 25.830000
282.315530 23.120000
296.331180 36.700000
310.346830 25.360000
436.487680 16.720000
450.503330 16.610000
464.518980 22.550000
477.539380 36.040000
522.597230 58.150000
high
29.038580 11.630000
41.038580 15.190000
43.054230 100.000000
45.069880 21.490000
57.069880 46.260000
58.065130 25.100000
59.085530 14.930000
71.085530 8.330000
113.132480 17.630000
115.148130 13.990000
127.148130 13.570000
129.163780 13.680000
142.159030 9.500000
282.315530 16.200000
296.331180 15.460000
312.362480 9.200000
324.362480 6.640000
338.378130 10.000000
340.393780 8.660000
352.393780 13.300000
354.409430 9.630000
366.409430 6.790000
368.425080 10.520000
