low
43.054230 14.430000
57.069880 23.500000
59.085530 3.280000
71.085530 14.510000
73.101180 3.410000
85.101180 6.470000
87.116830 4.190000
99.116830 6.440000
113.132480 2.650000
129.163780 2.640000
141.163780 3.160000
522.597230 100.000000
med
41.038580 23.310000
43.054230 65.950000
55.054230 17.580000
57.069880 100.000000
59.085530 29.960000
71.085530 54.450000
73.101180 19.660000
85.101180 15.780000
99.116830 12.580000
101.132480 8.740000
127.148130 10.640000
141.163780 28.700000
380.425080 7.050000
436.487680 11.530000
450.503330 11.050000
464.518980 16.840000
478.534630 8.310000
522.597230 48.670000
high
29.038580 12.460000
41.038580 16.840000
43.054230 100.000000
45.069880 17.890000
55.054230 10.030000
57.069880 71.350000
59.085530 7.710000
71.085530 26.690000
83.085530 5.370000
99.116830 6.760000
141.163780 11.500000
143.179430 7.830000
155.179430 3.850000
169.195080 3.850000
352.393780 3.680000
354.409430 2.870000
366.409430 3.260000
380.425080 4.640000
382.440730 4.750000
394.440730 3.430000
