low
52.766758 13108.516602
52.769699 7702.960449
53.038826 23492.089844
55.018044 34287.761719
58.326942 3098.841553
59.621639 2747.451172
59.765427 5082.687500
63.024696 3381.063232
63.560726 3315.677734
65.038803 41661.406250
77.039139 5709.771973
79.054253 13991.861328
91.049019 4035.739502
91.054214 390400.281250
95.049118 40592.476562
105.016602 4546.525879
105.027138 4831.722168
105.033455 562857.687500
105.044357 8120.467285
105.046081 11143.507812
109.064934 16428.314453
115.054054 44200.718750
119.060585 21027.115234
128.062012 6959.321289
129.069824 33902.234375
133.018967 4175.805176
133.028305 255991.468750
135.043945 80777.820312
135.054581 8184.082031
139.055130 5895.527344
141.069824 76974.695312
152.061905 172038.406250
153.058487 3742.243896
153.069748 192067.609375
153.084045 5337.684570
153.137650 3238.238525
154.077438 57146.769531
155.062088 10349.762695
155.085388 502024.156250
157.064285 3630.674805
165.037308 10564.408203
165.069778 1026226.125000
165.112015 5438.434082
166.077545 60661.246094
167.085358 59700.878906
168.056747 117560.218750
168.072266 5955.808105
169.064896 44674.027344
176.062210 5353.028320
177.070114 15995.722656
178.424439 3055.412354
181.064636 56614.902344
182.071732 25478.003906
183.044205 5375.497559
183.080246 249873.281250
193.048142 5191.641602
193.064331 464547.156250
194.053055 3136.669189
194.072418 145944.703125
195.079895 26854.984375
196.051209 42451.179688
197.059433 74368.164062
209.059082 11865.706055
210.067062 58098.796875
211.027176 14259.069336
211.075134 1257481.125000
211.136063 4761.831543
220.092911 5555.812500
221.034271 4991.442871
221.059463 236973.125000
224.047134 21077.769531
225.090469 3171.765137
237.054672 44669.160156
239.011704 4481.546875
239.049667 14335.984375
239.069900 735901.312500
258.103729 12737.255859
268.089203 16486.074219
269.096497 4863.394531
271.075440 29642.285156
283.108765 4100.448730
285.090668 22274.763672
286.097076 6527.024414
287.106750 6065.592773
297.092011 6574.567871
299.069977 40258.531250
301.123291 3676.589111
311.106201 3809.669922
313.085602 4965.669922
314.094086 18546.486328
317.911316 4090.544189
med
52.766758 13108.516602
52.769699 7702.960449
53.038826 23492.089844
55.018044 34287.761719
58.326942 3098.841553
59.621639 2747.451172
59.765427 5082.687500
63.024696 3381.063232
63.560726 3315.677734
65.038803 41661.406250
77.039139 5709.771973
79.054253 13991.861328
91.049019 4035.739502
91.054214 390400.281250
95.049118 40592.476562
105.016602 4546.525879
105.027138 4831.722168
105.033455 562857.687500
105.044357 8120.467285
105.046081 11143.507812
109.064934 16428.314453
115.054054 44200.718750
119.060585 21027.115234
128.062012 6959.321289
129.069824 33902.234375
133.018967 4175.805176
133.028305 255991.468750
135.043945 80777.820312
135.054581 8184.082031
139.055130 5895.527344
141.069824 76974.695312
152.061905 172038.406250
153.058487 3742.243896
153.069748 192067.609375
153.084045 5337.684570
153.137650 3238.238525
154.077438 57146.769531
155.062088 10349.762695
155.085388 502024.156250
157.064285 3630.674805
165.037308 10564.408203
165.069778 1026226.125000
165.112015 5438.434082
166.077545 60661.246094
167.085358 59700.878906
168.056747 117560.218750
168.072266 5955.808105
169.064896 44674.027344
176.062210 5353.028320
177.070114 15995.722656
178.424439 3055.412354
181.064636 56614.902344
182.071732 25478.003906
183.044205 5375.497559
183.080246 249873.281250
193.048142 5191.641602
193.064331 464547.156250
194.053055 3136.669189
194.072418 145944.703125
195.079895 26854.984375
196.051209 42451.179688
197.059433 74368.164062
209.059082 11865.706055
210.067062 58098.796875
211.027176 14259.069336
211.075134 1257481.125000
211.136063 4761.831543
220.092911 5555.812500
221.034271 4991.442871
221.059463 236973.125000
224.047134 21077.769531
225.090469 3171.765137
237.054672 44669.160156
239.011704 4481.546875
239.049667 14335.984375
239.069900 735901.312500
258.103729 12737.255859
268.089203 16486.074219
269.096497 4863.394531
271.075440 29642.285156
283.108765 4100.448730
285.090668 22274.763672
286.097076 6527.024414
287.106750 6065.592773
297.092011 6574.567871
299.069977 40258.531250
301.123291 3676.589111
311.106201 3809.669922
313.085602 4965.669922
314.094086 18546.486328
317.911316 4090.544189
high
52.766758 13108.516602
52.769699 7702.960449
53.038826 23492.089844
55.018044 34287.761719
58.326942 3098.841553
59.621639 2747.451172
59.765427 5082.687500
63.024696 3381.063232
63.560726 3315.677734
65.038803 41661.406250
77.039139 5709.771973
79.054253 13991.861328
91.049019 4035.739502
91.054214 390400.281250
95.049118 40592.476562
105.016602 4546.525879
105.027138 4831.722168
105.033455 562857.687500
105.044357 8120.467285
105.046081 11143.507812
109.064934 16428.314453
115.054054 44200.718750
119.060585 21027.115234
128.062012 6959.321289
129.069824 33902.234375
133.018967 4175.805176
133.028305 255991.468750
135.043945 80777.820312
135.054581 8184.082031
139.055130 5895.527344
141.069824 76974.695312
152.061905 172038.406250
153.058487 3742.243896
153.069748 192067.609375
153.084045 5337.684570
153.137650 3238.238525
154.077438 57146.769531
155.062088 10349.762695
155.085388 502024.156250
157.064285 3630.674805
165.037308 10564.408203
165.069778 1026226.125000
165.112015 5438.434082
166.077545 60661.246094
167.085358 59700.878906
168.056747 117560.218750
168.072266 5955.808105
169.064896 44674.027344
176.062210 5353.028320
177.070114 15995.722656
178.424439 3055.412354
181.064636 56614.902344
182.071732 25478.003906
183.044205 5375.497559
183.080246 249873.281250
193.048142 5191.641602
193.064331 464547.156250
194.053055 3136.669189
194.072418 145944.703125
195.079895 26854.984375
196.051209 42451.179688
197.059433 74368.164062
209.059082 11865.706055
210.067062 58098.796875
211.027176 14259.069336
211.075134 1257481.125000
211.136063 4761.831543
220.092911 5555.812500
221.034271 4991.442871
221.059463 236973.125000
224.047134 21077.769531
225.090469 3171.765137
237.054672 44669.160156
239.011704 4481.546875
239.049667 14335.984375
239.069900 735901.312500
258.103729 12737.255859
268.089203 16486.074219
269.096497 4863.394531
271.075440 29642.285156
283.108765 4100.448730
285.090668 22274.763672
286.097076 6527.024414
287.106750 6065.592773
297.092011 6574.567871
299.069977 40258.531250
301.123291 3676.589111
311.106201 3809.669922
313.085602 4965.669922
314.094086 18546.486328
317.911316 4090.544189
