low
55.382133 2052.613770
85.563728 2579.660400
112.492691 2549.594971
137.313950 2405.647217
154.012054 2593.689941
206.375137 2065.031982
214.600189 2198.146240
220.070373 2668.841553
256.040710 11674.438477
257.047668 190640.281250
257.079071 2825.442627
349.001862 2483.383789
382.572327 2269.102539
454.075836 22152.781250
med
55.382133 2052.613770
85.563728 2579.660400
112.492691 2549.594971
137.313950 2405.647217
154.012054 2593.689941
206.375137 2065.031982
214.600189 2198.146240
220.070373 2668.841553
256.040710 11674.438477
257.047668 190640.281250
257.079071 2825.442627
349.001862 2483.383789
382.572327 2269.102539
454.075836 22152.781250
high
55.382133 2052.613770
85.563728 2579.660400
112.492691 2549.594971
137.313950 2405.647217
154.012054 2593.689941
206.375137 2065.031982
214.600189 2198.146240
220.070373 2668.841553
256.040710 11674.438477
257.047668 190640.281250
257.079071 2825.442627
349.001862 2483.383789
382.572327 2269.102539
454.075836 22152.781250
