low
58.064049 3835.318604
88.019966 2259.444824
105.899322 2661.146973
106.479683 2757.607910
125.236618 2729.461182
190.987381 3033.934082
215.154755 18116.478516
304.265289 4290.866699
472.138184 2561.928467
494.681580 2353.917236
512.070007 2282.888672
522.596619 153449.078125
med
58.064049 3835.318604
88.019966 2259.444824
105.899322 2661.146973
106.479683 2757.607910
125.236618 2729.461182
190.987381 3033.934082
215.154755 18116.478516
304.265289 4290.866699
472.138184 2561.928467
494.681580 2353.917236
512.070007 2282.888672
522.596619 153449.078125
high
58.064049 3835.318604
88.019966 2259.444824
105.899322 2661.146973
106.479683 2757.607910
125.236618 2729.461182
190.987381 3033.934082
215.154755 18116.478516
304.265289 4290.866699
472.138184 2561.928467
494.681580 2353.917236
512.070007 2282.888672
522.596619 153449.078125
