low
51.023544 18235.925781
53.002575 15737.238281
53.038967 165206.437500
53.529610 11854.520508
55.054382 15426.844727
58.296547 11282.612305
70.013840 12396.798828
70.065201 73431.453125
71.049194 118417.000000
72.080841 51646.855469
75.613533 12052.690430
77.038490 161477.656250
77.042984 12605.969727
79.054253 1965019.625000
79.065140 12953.526367
88.075768 246240.000000
95.049103 248367.000000
103.054245 1407008.250000
104.769104 13356.438477
104.776505 10494.578125
105.044304 125716.070312
105.048477 123829.789062
105.052948 101198.773438
105.069878 23601442.000000
105.082710 155288.656250
105.086494 221469.000000
105.093231 29199.287109
105.095596 58497.242188
105.362335 12180.000000
114.092369 12420.926758
120.080788 43826.332031
122.096397 346815.812500
159.087784 12993.910156
med
51.023544 18235.925781
53.002575 15737.238281
53.038967 165206.437500
53.529610 11854.520508
55.054382 15426.844727
58.296547 11282.612305
70.013840 12396.798828
70.065201 73431.453125
71.049194 118417.000000
72.080841 51646.855469
75.613533 12052.690430
77.038490 161477.656250
77.042984 12605.969727
79.054253 1965019.625000
79.065140 12953.526367
88.075768 246240.000000
95.049103 248367.000000
103.054245 1407008.250000
104.769104 13356.438477
104.776505 10494.578125
105.044304 125716.070312
105.048477 123829.789062
105.052948 101198.773438
105.069878 23601442.000000
105.082710 155288.656250
105.086494 221469.000000
105.093231 29199.287109
105.095596 58497.242188
105.362335 12180.000000
114.092369 12420.926758
120.080788 43826.332031
122.096397 346815.812500
159.087784 12993.910156
high
51.023544 18235.925781
53.002575 15737.238281
53.038967 165206.437500
53.529610 11854.520508
55.054382 15426.844727
58.296547 11282.612305
70.013840 12396.798828
70.065201 73431.453125
71.049194 118417.000000
72.080841 51646.855469
75.613533 12052.690430
77.038490 161477.656250
77.042984 12605.969727
79.054253 1965019.625000
79.065140 12953.526367
88.075768 246240.000000
95.049103 248367.000000
103.054245 1407008.250000
104.769104 13356.438477
104.776505 10494.578125
105.044304 125716.070312
105.048477 123829.789062
105.052948 101198.773438
105.069878 23601442.000000
105.082710 155288.656250
105.086494 221469.000000
105.093231 29199.287109
105.095596 58497.242188
105.362335 12180.000000
114.092369 12420.926758
120.080788 43826.332031
122.096397 346815.812500
159.087784 12993.910156
