low
51.231426 9086.866211
51.269508 203375.468750
51.272575 104644.289062
58.276836 47497.687500
58.280361 21344.740234
60.230434 9195.489258
71.904297 10072.019531
129.781158 10033.606445
142.125397 13933.087891
177.092178 13152.209961
190.061340 13366.293945
191.106308 12012.577148
204.078308 225576.968750
205.039230 192917.421875
205.085693 18816470.000000
205.121735 610576.500000
205.145157 116318.625000
218.612472 23604.925781
233.062759 32732.478516
233.116913 4637085.000000
233.187790 18549.605469
med
51.231426 9086.866211
51.269508 203375.468750
51.272575 104644.289062
58.276836 47497.687500
58.280361 21344.740234
60.230434 9195.489258
71.904297 10072.019531
129.781158 10033.606445
142.125397 13933.087891
177.092178 13152.209961
190.061340 13366.293945
191.106308 12012.577148
204.078308 225576.968750
205.039230 192917.421875
205.085693 18816470.000000
205.121735 610576.500000
205.145157 116318.625000
218.612472 23604.925781
233.062759 32732.478516
233.116913 4637085.000000
233.187790 18549.605469
high
51.231426 9086.866211
51.269508 203375.468750
51.272575 104644.289062
58.276836 47497.687500
58.280361 21344.740234
60.230434 9195.489258
71.904297 10072.019531
129.781158 10033.606445
142.125397 13933.087891
177.092178 13152.209961
190.061340 13366.293945
191.106308 12012.577148
204.078308 225576.968750
205.039230 192917.421875
205.085693 18816470.000000
205.121735 610576.500000
205.145157 116318.625000
218.612472 23604.925781
233.062759 32732.478516
233.116913 4637085.000000
233.187790 18549.605469
