low
56.047264 35725.312500
56.049671 2441006.250000
57.057487 3609661.000000
58.058456 68142.078125
58.059917 127903.765625
58.065296 19773076.000000
58.072487 197535.968750
66.193169 32664.560547
70.060783 74094.289062
70.065140 2103461.750000
70.777069 50274.585938
70.781044 43036.132812
71.068398 60558.406250
71.072945 2552835.250000
71.076309 59070.015625
72.067085 54709.828125
72.067772 65015.371094
72.071312 238443.765625
72.073189 179292.265625
72.080734 37100376.000000
72.087944 196454.796875
72.090576 378402.593750
72.095390 38941.191406
82.065186 63660.074219
83.060112 53529.601562
84.068291 536418.250000
84.080711 2403808.750000
85.075912 661458.062500
85.088524 63877.468750
86.083717 160238.406250
96.080696 71255.101562
97.075821 57005.886719
98.083817 927215.562500
99.091568 11855367.000000
99.107231 49409.914062
111.091660 523048.468750
112.099709 230924.531250
113.107132 9048962.000000
113.126236 45778.804688
114.115005 2383469.250000
115.122749 255528.812500
153.929352 37294.953125
166.098007 75789.757812
177.069367 42190.375000
183.766785 33152.171875
215.328278 124255.539062
215.353561 148872.890625
254.078964 79058.453125
255.093185 43843.007812
255.122009 253450.562500
256.095367 59422.343750
269.139648 76232.476562
282.111572 407015.031250
283.118561 5038787.500000
284.125916 223766.578125
285.133575 202978.140625
293.138916 39198.949219
294.148773 37142.171875
296.126862 68924.960938
297.134064 175554.812500
299.113190 1030544.750000
301.127625 53644.796875
311.149902 2346650.250000
311.191376 43429.691406
312.157105 370573.000000
313.164490 436682.062500
315.108429 77133.031250
327.142670 69772.335938
329.160889 62548.925781
331.083801 61991.882812
344.147583 208291.640625
354.192139 42258.796875
377.126648 363166.468750
400.873688 35774.894531
423.663391 36657.984375
455.253601 41026.593750
461.197449 309227.468750
489.226837 753102.750000
med
56.047264 35725.312500
56.049671 2441006.250000
57.057487 3609661.000000
58.058456 68142.078125
58.059917 127903.765625
58.065296 19773076.000000
58.072487 197535.968750
66.193169 32664.560547
70.060783 74094.289062
70.065140 2103461.750000
70.777069 50274.585938
70.781044 43036.132812
71.068398 60558.406250
71.072945 2552835.250000
71.076309 59070.015625
72.067085 54709.828125
72.067772 65015.371094
72.071312 238443.765625
72.073189 179292.265625
72.080734 37100376.000000
72.087944 196454.796875
72.090576 378402.593750
72.095390 38941.191406
82.065186 63660.074219
83.060112 53529.601562
84.068291 536418.250000
84.080711 2403808.750000
85.075912 661458.062500
85.088524 63877.468750
86.083717 160238.406250
96.080696 71255.101562
97.075821 57005.886719
98.083817 927215.562500
99.091568 11855367.000000
99.107231 49409.914062
111.091660 523048.468750
112.099709 230924.531250
113.107132 9048962.000000
113.126236 45778.804688
114.115005 2383469.250000
115.122749 255528.812500
153.929352 37294.953125
166.098007 75789.757812
177.069367 42190.375000
183.766785 33152.171875
215.328278 124255.539062
215.353561 148872.890625
254.078964 79058.453125
255.093185 43843.007812
255.122009 253450.562500
256.095367 59422.343750
269.139648 76232.476562
282.111572 407015.031250
283.118561 5038787.500000
284.125916 223766.578125
285.133575 202978.140625
293.138916 39198.949219
294.148773 37142.171875
296.126862 68924.960938
297.134064 175554.812500
299.113190 1030544.750000
301.127625 53644.796875
311.149902 2346650.250000
311.191376 43429.691406
312.157105 370573.000000
313.164490 436682.062500
315.108429 77133.031250
327.142670 69772.335938
329.160889 62548.925781
331.083801 61991.882812
344.147583 208291.640625
354.192139 42258.796875
377.126648 363166.468750
400.873688 35774.894531
423.663391 36657.984375
455.253601 41026.593750
461.197449 309227.468750
489.226837 753102.750000
high
56.047264 35725.312500
56.049671 2441006.250000
57.057487 3609661.000000
58.058456 68142.078125
58.059917 127903.765625
58.065296 19773076.000000
58.072487 197535.968750
66.193169 32664.560547
70.060783 74094.289062
70.065140 2103461.750000
70.777069 50274.585938
70.781044 43036.132812
71.068398 60558.406250
71.072945 2552835.250000
71.076309 59070.015625
72.067085 54709.828125
72.067772 65015.371094
72.071312 238443.765625
72.073189 179292.265625
72.080734 37100376.000000
72.087944 196454.796875
72.090576 378402.593750
72.095390 38941.191406
82.065186 63660.074219
83.060112 53529.601562
84.068291 536418.250000
84.080711 2403808.750000
85.075912 661458.062500
85.088524 63877.468750
86.083717 160238.406250
96.080696 71255.101562
97.075821 57005.886719
98.083817 927215.562500
99.091568 11855367.000000
99.107231 49409.914062
111.091660 523048.468750
112.099709 230924.531250
113.107132 9048962.000000
113.126236 45778.804688
114.115005 2383469.250000
115.122749 255528.812500
153.929352 37294.953125
166.098007 75789.757812
177.069367 42190.375000
183.766785 33152.171875
215.328278 124255.539062
215.353561 148872.890625
254.078964 79058.453125
255.093185 43843.007812
255.122009 253450.562500
256.095367 59422.343750
269.139648 76232.476562
282.111572 407015.031250
283.118561 5038787.500000
284.125916 223766.578125
285.133575 202978.140625
293.138916 39198.949219
294.148773 37142.171875
296.126862 68924.960938
297.134064 175554.812500
299.113190 1030544.750000
301.127625 53644.796875
311.149902 2346650.250000
311.191376 43429.691406
312.157105 370573.000000
313.164490 436682.062500
315.108429 77133.031250
327.142670 69772.335938
329.160889 62548.925781
331.083801 61991.882812
344.147583 208291.640625
354.192139 42258.796875
377.126648 363166.468750
400.873688 35774.894531
423.663391 36657.984375
455.253601 41026.593750
461.197449 309227.468750
489.226837 753102.750000
